participant,condition,date,expName,psychopyVersion,OS,frameRate,block,phase,trial,learn_mouse_2.x,learn_mouse_2.y,learn_mouse_2.leftButton,learn_mouse_2.midButton,learn_mouse_2.rightButton,learn_mouse_2.time,learn_mouse_2.clicked_name,cat,token,row,col,t_select,cat_mouse_l.x,cat_mouse_l.y,cat_mouse_l.leftButton,cat_mouse_l.midButton,cat_mouse_l.rightButton,cat_mouse_l.time,cat_mouse_l.clicked_name,resp,t_resp,corr,train_trials.thisRepN,train_trials.thisTrialN,train_trials.thisN,train_trials.thisIndex,train_trials.ran,cat_mouse_t.x,cat_mouse_t.y,cat_mouse_t.leftButton,cat_mouse_t.midButton,cat_mouse_t.rightButton,cat_mouse_t.time,cat_mouse_t.clicked_name,test_trials.thisRepN,test_trials.thisTrialN,test_trials.thisN,test_trials.thisIndex,test_trials.ran,Bonus
663a8050f55f768e9ea55705,TCN,2024-06-21_13h46.15.675,LearnStrategy,2023.2.3,Win32,59.88023952,,,,,,,,,,,,,,,,,,,,,,,,,,,,,,,,,,,,,,,,,,,
663a8050f55f768e9ea55705,TCN,2024-06-21_13h46.15.675,LearnStrategy,2023.2.3,Win32,59.88023952,1,1,1,0.094444444,-0.003703704,1,0,0,2.8437,rock_grid_rect_2,2,11,-1,-1,2.844,0.362037037,-0.414814815,1,0,0,7.4009,Pumice_rect,8,7.401,0,0,0,0,0,1,,,,,,,,,,,,,
663a8050f55f768e9ea55705,TCN,2024-06-21_13h46.15.675,LearnStrategy,2023.2.3,Win32,59.88023952,1,1,2,0.035185185,-0.000925926,1,0,0,1.5668,rock_grid_rect_2,8,05,-1,-1,1.567,0.409259259,-0.266666667,1,0,0,5.0472,Gabbro_rect,4,5.047,0,1,0,1,0,1,,,,,,,,,,,,,
663a8050f55f768e9ea55705,TCN,2024-06-21_13h46.15.675,LearnStrategy,2023.2.3,Win32,59.88023952,1,1,3,0.078703704,-0.000925926,1,0,0,0.9653,rock_grid_rect_2,5,02,-1,-1,0.965,-0.323148148,-0.391666667,1,0,0,2.3611,Obsidian_rect,5,2.361,1,2,0,2,0,1,,,,,,,,,,,,,
663a8050f55f768e9ea55705,TCN,2024-06-21_13h46.15.675,LearnStrategy,2023.2.3,Win32,59.88023952,1,1,4,0.062037037,-0.008333333,1,0,0,0.9608,rock_grid_rect_2,3,16,-1,-1,0.961,0.333333333,-0.417592593,1,0,0,3.1114,Pumice_rect,8,3.111,0,3,0,3,0,1,,,,,,,,,,,,,
663a8050f55f768e9ea55705,TCN,2024-06-21_13h46.15.675,LearnStrategy,2023.2.3,Win32,59.88023952,1,1,5,0.017592593,0.001851852,1,0,0,0.8777,rock_grid_rect_2,8,02,-1,-1,0.878,-0.1,-0.389814815,1,0,0,3.5472,Pegmatite_rect,6,3.547,0,4,0,4,0,1,,,,,,,,,,,,,
663a8050f55f768e9ea55705,TCN,2024-06-21_13h46.15.675,LearnStrategy,2023.2.3,Win32,59.88023952,1,1,6,-0.018518519,-0.002777778,1,0,0,1.1128,rock_grid_rect_2,3,14,-1,-1,1.113,-0.326851852,-0.242592593,1,0,0,1.841,Andesite_rect,1,1.841,0,5,0,5,0,1,,,,,,,,,,,,,
663a8050f55f768e9ea55705,TCN,2024-06-21_13h46.15.675,LearnStrategy,2023.2.3,Win32,59.88023952,1,1,7,0.068518519,0.00462963,1,0,0,1.1107,rock_grid_rect_2,1,04,-1,-1,1.111,-0.337037037,-0.24537037,1,0,0,2.3472,Andesite_rect,1,2.347,1,6,0,6,0,1,,,,,,,,,,,,,
663a8050f55f768e9ea55705,TCN,2024-06-21_13h46.15.675,LearnStrategy,2023.2.3,Win32,59.88023952,1,1,8,-0.012962963,-0.00462963,1,0,0,1.1058,rock_grid_rect_2,7,16,-1,-1,1.106,0.087037037,-0.40462963,1,0,0,28.2877,Peridotite_rect,7,28.288,1,7,0,7,0,1,,,,,,,,,,,,,
663a8050f55f768e9ea55705,TCN,2024-06-21_13h46.15.675,LearnStrategy,2023.2.3,Win32,59.88023952,1,1,9,-0.042592593,-0.008333333,1,0,0,1.0123,rock_grid_rect_2,6,05,-1,-1,1.012,0.423148148,-0.386111111,1,0,0,1.3941,Pumice_rect,8,1.394,0,8,0,8,0,1,,,,,,,,,,,,,
663a8050f55f768e9ea55705,TCN,2024-06-21_13h46.15.675,LearnStrategy,2023.2.3,Win32,59.88023952,1,1,10,0.085185185,-0.001851852,1,0,0,0.8028,rock_grid_rect_2,6,03,-1,-1,0.803,0.405555556,-0.248148148,1,0,0,2.8406,Gabbro_rect,4,2.841,0,9,0,9,0,1,,,,,,,,,,,,,
663a8050f55f768e9ea55705,TCN,2024-06-21_13h46.15.675,LearnStrategy,2023.2.3,Win32,59.88023952,1,1,11,0.037037037,0.000925926,1,0,0,1.1517,rock_grid_rect_2,2,16,-1,-1,1.152,0.084259259,-0.383333333,1,0,0,1.271,Peridotite_rect,7,1.271,0,10,0,10,0,1,,,,,,,,,,,,,
663a8050f55f768e9ea55705,TCN,2024-06-21_13h46.15.675,LearnStrategy,2023.2.3,Win32,59.88023952,1,1,12,-0.073148148,0.003703704,1,0,0,0.8338,rock_grid_rect_2,1,06,-1,-1,0.834,-0.15,-0.402777778,1,0,0,4.7149,Pegmatite_rect,6,4.715,0,11,0,11,0,1,,,,,,,,,,,,,
663a8050f55f768e9ea55705,TCN,2024-06-21_13h46.15.675,LearnStrategy,2023.2.3,Win32,59.88023952,1,1,13,-0.127777778,0.00462963,1,0,0,1.097,rock_grid_rect_2,4,03,-1,-1,1.097,-0.402777778,-0.400925926,1,0,0,0.7526,Obsidian_rect,5,0.753,0,12,0,12,0,1,,,,,,,,,,,,,
663a8050f55f768e9ea55705,TCN,2024-06-21_13h46.15.675,LearnStrategy,2023.2.3,Win32,59.88023952,1,1,14,0.033333333,-0.007407407,1,0,0,0.9169,rock_grid_rect_2,5,04,-1,-1,0.917,-0.399074074,-0.252777778,1,0,0,1.5107,Andesite_rect,1,1.511,0,13,0,13,0,1,,,,,,,,,,,,,
663a8050f55f768e9ea55705,TCN,2024-06-21_13h46.15.675,LearnStrategy,2023.2.3,Win32,59.88023952,1,1,15,-0.053703704,-0.012037037,1,0,0,1.0498,rock_grid_rect_2,4,10,-1,-1,1.05,0.15,-0.264814815,1,0,0,3.411,Diorite_rect,3,3.411,0,14,0,14,0,1,,,,,,,,,,,,,
663a8050f55f768e9ea55705,TCN,2024-06-21_13h46.15.675,LearnStrategy,2023.2.3,Win32,59.88023952,1,1,16,0.115740741,0.00462963,1,0,0,0.9895,rock_grid_rect_2,7,15,-1,-1,0.99,0.424074074,-0.383333333,1,0,0,2.984,Pumice_rect,8,2.984,0,15,0,15,0,1,,,,,,,,,,,,,
663a8050f55f768e9ea55705,TCN,2024-06-21_13h46.15.675,LearnStrategy,2023.2.3,Win32,59.88023952,1,2,1,,,,,,,,1,10,,,,,,,,,,,1,7.233,1,,,,,,-0.383333333,-0.264814815,1,0,0,7.2333,Andesite_rect,0,0,0,0,1,
663a8050f55f768e9ea55705,TCN,2024-06-21_13h46.15.675,LearnStrategy,2023.2.3,Win32,59.88023952,1,2,2,,,,,,,,1,11,,,,,,,,,,,3,2.012,0,,,,,,0.182407407,-0.258333333,1,0,0,2.0115,Diorite_rect,1,0,1,0,1,
663a8050f55f768e9ea55705,TCN,2024-06-21_13h46.15.675,LearnStrategy,2023.2.3,Win32,59.88023952,1,2,3,,,,,,,,3,15,,,,,,,,,,,8,4.424,0,,,,,,0.332407407,-0.413888889,1,0,0,4.4238,Pumice_rect,2,0,2,0,1,
663a8050f55f768e9ea55705,TCN,2024-06-21_13h46.15.675,LearnStrategy,2023.2.3,Win32,59.88023952,1,2,4,,,,,,,,5,08,,,,,,,,,,,5,1.655,1,,,,,,-0.347222222,-0.385185185,1,0,0,1.6548,Obsidian_rect,3,0,3,0,1,
663a8050f55f768e9ea55705,TCN,2024-06-21_13h46.15.675,LearnStrategy,2023.2.3,Win32,59.88023952,1,2,5,,,,,,,,2,12,,,,,,,,,,,6,3.027,0,,,,,,-0.157407407,-0.386111111,1,0,0,3.0273,Pegmatite_rect,4,0,4,0,1,
663a8050f55f768e9ea55705,TCN,2024-06-21_13h46.15.675,LearnStrategy,2023.2.3,Win32,59.88023952,1,2,6,,,,,,,,3,08,,,,,,,,,,,7,2.409,0,,,,,,0.064814815,-0.388888889,1,0,0,2.4089,Peridotite_rect,5,0,5,0,1,
663a8050f55f768e9ea55705,TCN,2024-06-21_13h46.15.675,LearnStrategy,2023.2.3,Win32,59.88023952,1,2,7,,,,,,,,4,01,,,,,,,,,,,2,1.51,0,,,,,,-0.072222222,-0.24537037,1,0,0,1.5101,Basalt_rect,6,0,6,0,1,
663a8050f55f768e9ea55705,TCN,2024-06-21_13h46.15.675,LearnStrategy,2023.2.3,Win32,59.88023952,1,2,8,,,,,,,,6,06,,,,,,,,,,,3,1.954,0,,,,,,0.205555556,-0.258333333,1,0,0,1.9544,Diorite_rect,7,0,7,0,1,
663a8050f55f768e9ea55705,TCN,2024-06-21_13h46.15.675,LearnStrategy,2023.2.3,Win32,59.88023952,1,2,9,,,,,,,,2,01,,,,,,,,,,,7,3.307,0,,,,,,0.188888889,-0.390740741,1,0,0,3.3066,Peridotite_rect,8,0,8,0,1,
663a8050f55f768e9ea55705,TCN,2024-06-21_13h46.15.675,LearnStrategy,2023.2.3,Win32,59.88023952,1,2,10,,,,,,,,8,04,,,,,,,,,,,3,1.401,0,,,,,,0.125,-0.250925926,1,0,0,1.4015,Diorite_rect,9,0,9,0,1,
663a8050f55f768e9ea55705,TCN,2024-06-21_13h46.15.675,LearnStrategy,2023.2.3,Win32,59.88023952,1,2,11,,,,,,,,4,13,,,,,,,,,,,1,1.148,0,,,,,,-0.427777778,-0.249074074,1,0,0,1.1476,Andesite_rect,10,0,10,0,1,
663a8050f55f768e9ea55705,TCN,2024-06-21_13h46.15.675,LearnStrategy,2023.2.3,Win32,59.88023952,1,2,12,,,,,,,,7,02,,,,,,,,,,,2,1.019,0,,,,,,-0.114814815,-0.233333333,1,0,0,1.0186,Basalt_rect,11,0,11,0,1,
663a8050f55f768e9ea55705,TCN,2024-06-21_13h46.15.675,LearnStrategy,2023.2.3,Win32,59.88023952,1,2,13,,,,,,,,5,16,,,,,,,,,,,5,1.531,1,,,,,,-0.371296296,-0.388888889,1,0,0,1.5308,Obsidian_rect,12,0,12,0,1,
663a8050f55f768e9ea55705,TCN,2024-06-21_13h46.15.675,LearnStrategy,2023.2.3,Win32,59.88023952,1,2,14,,,,,,,,6,11,,,,,,,,,,,8,3.784,0,,,,,,0.356481481,-0.407407407,1,0,0,3.7839,Pumice_rect,13,0,13,0,1,
663a8050f55f768e9ea55705,TCN,2024-06-21_13h46.15.675,LearnStrategy,2023.2.3,Win32,59.88023952,1,2,15,,,,,,,,8,03,,,,,,,,,,,3,3.179,0,,,,,,0.139814815,-0.262037037,1,0,0,3.1793,Diorite_rect,14,0,14,0,1,
663a8050f55f768e9ea55705,TCN,2024-06-21_13h46.15.675,LearnStrategy,2023.2.3,Win32,59.88023952,1,2,16,,,,,,,,7,12,,,,,,,,,,,7,1.411,1,,,,,,0.139814815,-0.390740741,1,0,0,1.4105,Peridotite_rect,15,0,15,0,1,
663a8050f55f768e9ea55705,TCN,2024-06-21_13h46.15.675,LearnStrategy,2023.2.3,Win32,59.88023952,2,1,1,0.006481481,-0.016666667,1,0,0,1.449,rock_grid_rect_2,8,09,-1,-1,1.449,-0.368518519,-0.267592593,1,0,0,3.3124,Andesite_rect,1,3.312,0,0,0,0,0,1,,,,,,,,,,,,,
663a8050f55f768e9ea55705,TCN,2024-06-21_13h46.15.675,LearnStrategy,2023.2.3,Win32,59.88023952,2,1,2,-0.024074074,-0.012962963,1,0,0,1.0845,rock_grid_rect_2,7,08,-1,-1,1.084,0.436111111,-0.410185185,1,0,0,2.6993,Pumice_rect,8,2.699,0,1,0,1,0,1,,,,,,,,,,,,,
663a8050f55f768e9ea55705,TCN,2024-06-21_13h46.15.675,LearnStrategy,2023.2.3,Win32,59.88023952,2,1,3,0.042592593,-0.015740741,1,0,0,1.0394,rock_grid_rect_2,6,07,-1,-1,1.039,-0.359259259,-0.406481481,1,0,0,2.2933,Obsidian_rect,5,2.293,0,2,0,2,0,1,,,,,,,,,,,,,
663a8050f55f768e9ea55705,TCN,2024-06-21_13h46.15.675,LearnStrategy,2023.2.3,Win32,59.88023952,2,1,4,0.036111111,-0.002777778,1,0,0,0.9664,rock_grid_rect_2,4,05,-1,-1,0.966,-0.062037037,-0.246296296,1,0,0,2.345,Basalt_rect,2,2.345,0,3,0,3,0,1,,,,,,,,,,,,,
663a8050f55f768e9ea55705,TCN,2024-06-21_13h46.15.675,LearnStrategy,2023.2.3,Win32,59.88023952,2,1,5,-0.014814815,-0.013888889,1,0,0,0.9123,rock_grid_rect_2,3,13,-1,-1,0.912,-0.074074074,-0.244444444,1,0,0,2.2112,Basalt_rect,2,2.211,0,4,0,4,0,1,,,,,,,,,,,,,
663a8050f55f768e9ea55705,TCN,2024-06-21_13h46.15.675,LearnStrategy,2023.2.3,Win32,59.88023952,2,1,6,-0.015740741,-0.006481481,1,0,0,0.982,rock_grid_rect_2,5,07,-1,-1,0.982,-0.432407407,-0.410185185,1,0,0,2.5152,Obsidian_rect,5,2.515,1,5,0,5,0,1,,,,,,,,,,,,,
663a8050f55f768e9ea55705,TCN,2024-06-21_13h46.15.675,LearnStrategy,2023.2.3,Win32,59.88023952,2,1,7,0.019444444,0.016666667,1,0,0,0.8292,rock_grid_rect_2,1,05,-1,-1,0.829,-0.132407407,-0.238888889,1,0,0,2.6777,Basalt_rect,2,2.678,0,6,0,6,0,1,,,,,,,,,,,,,
663a8050f55f768e9ea55705,TCN,2024-06-21_13h46.15.675,LearnStrategy,2023.2.3,Win32,59.88023952,2,1,8,-0.050925926,0.019444444,1,0,0,0.9996,rock_grid_rect_2,3,10,-1,-1,1,-0.082407407,-0.261111111,1,0,0,1.3421,Basalt_rect,2,1.342,0,7,0,7,0,1,,,,,,,,,,,,,
663a8050f55f768e9ea55705,TCN,2024-06-21_13h46.15.675,LearnStrategy,2023.2.3,Win32,59.88023952,2,1,9,-0.036111111,-0.001851852,1,0,0,0.8345,rock_grid_rect_2,7,13,-1,-1,0.835,-0.130555556,-0.243518519,1,0,0,2.8281,Basalt_rect,2,2.828,0,8,0,8,0,1,,,,,,,,,,,,,
663a8050f55f768e9ea55705,TCN,2024-06-21_13h46.15.675,LearnStrategy,2023.2.3,Win32,59.88023952,2,1,10,0.016666667,-0.008333333,1,0,0,0.7949,rock_grid_rect_2,4,11,-1,-1,0.795,-0.1,-0.240740741,1,0,0,1.2473,Basalt_rect,2,1.247,0,9,0,9,0,1,,,,,,,,,,,,,
663a8050f55f768e9ea55705,TCN,2024-06-21_13h46.15.675,LearnStrategy,2023.2.3,Win32,59.88023952,2,1,11,-0.1,-0.006481481,1,0,0,0.8501,rock_grid_rect_2,8,14,-1,-1,0.85,-0.167592593,-0.243518519,1,0,0,2.8292,Basalt_rect,2,2.829,0,10,0,10,0,1,,,,,,,,,,,,,
663a8050f55f768e9ea55705,TCN,2024-06-21_13h46.15.675,LearnStrategy,2023.2.3,Win32,59.88023952,2,1,12,-0.018518519,-0.010185185,1,0,0,0.7322,rock_grid_rect_2,1,03,-1,-1,0.732,-0.175,-0.22962963,1,0,0,1.0542,Basalt_rect,2,1.054,0,11,0,11,0,1,,,,,,,,,,,,,
663a8050f55f768e9ea55705,TCN,2024-06-21_13h46.15.675,LearnStrategy,2023.2.3,Win32,59.88023952,2,1,13,-0.114814815,0.001851852,1,0,0,0.9179,rock_grid_rect_2,5,05,-1,-1,0.918,-0.401851852,-0.414814815,1,0,0,1.5262,Obsidian_rect,5,1.526,1,12,0,12,0,1,,,,,,,,,,,,,
663a8050f55f768e9ea55705,TCN,2024-06-21_13h46.15.675,LearnStrategy,2023.2.3,Win32,59.88023952,2,1,14,-0.053703704,-0.017592593,1,0,0,1.5003,rock_grid_rect_2,6,15,-1,-1,1.5,-0.073148148,-0.235185185,1,0,0,2.5948,Basalt_rect,2,2.595,0,13,0,13,0,1,,,,,,,,,,,,,
663a8050f55f768e9ea55705,TCN,2024-06-21_13h46.15.675,LearnStrategy,2023.2.3,Win32,59.88023952,2,1,15,-0.051851852,0.007407407,1,0,0,0.982,rock_grid_rect_2,2,10,-1,-1,0.982,-0.231481481,-0.246296296,1,0,0,1.9775,Basalt_rect,2,1.977,1,14,0,14,0,1,,,,,,,,,,,,,
663a8050f55f768e9ea55705,TCN,2024-06-21_13h46.15.675,LearnStrategy,2023.2.3,Win32,59.88023952,2,1,16,-0.049074074,-0.012962963,1,0,0,0.933,rock_grid_rect_2,2,05,-1,-1,0.933,-0.158333333,-0.243518519,1,0,0,1.0606,Basalt_rect,2,1.061,1,15,0,15,0,1,,,,,,,,,,,,,
663a8050f55f768e9ea55705,TCN,2024-06-21_13h46.15.675,LearnStrategy,2023.2.3,Win32,59.88023952,2,2,1,,,,,,,,8,15,,,,,,,,,,,8,1.526,1,,,,,,0.330555556,-0.391666667,1,0,0,1.5261,Pumice_rect,0,0,0,0,1,
663a8050f55f768e9ea55705,TCN,2024-06-21_13h46.15.675,LearnStrategy,2023.2.3,Win32,59.88023952,2,2,2,,,,,,,,8,16,,,,,,,,,,,8,1.225,1,,,,,,0.34537037,-0.393518519,1,0,0,1.2253,Pumice_rect,1,0,1,0,1,
663a8050f55f768e9ea55705,TCN,2024-06-21_13h46.15.675,LearnStrategy,2023.2.3,Win32,59.88023952,2,2,3,,,,,,,,5,06,,,,,,,,,,,5,1.06,1,,,,,,-0.358333333,-0.390740741,1,0,0,1.0596,Obsidian_rect,2,0,2,0,1,
663a8050f55f768e9ea55705,TCN,2024-06-21_13h46.15.675,LearnStrategy,2023.2.3,Win32,59.88023952,2,2,4,,,,,,,,2,14,,,,,,,,,,,2,5.664,1,,,,,,-0.081481481,-0.261111111,1,0,0,5.6636,Basalt_rect,3,0,3,0,1,
663a8050f55f768e9ea55705,TCN,2024-06-21_13h46.15.675,LearnStrategy,2023.2.3,Win32,59.88023952,2,2,5,,,,,,,,7,04,,,,,,,,,,,6,14.04,0,,,,,,-0.07037037,-0.419444444,1,0,0,14.04,Pegmatite_rect,4,0,4,0,1,
663a8050f55f768e9ea55705,TCN,2024-06-21_13h46.15.675,LearnStrategy,2023.2.3,Win32,59.88023952,2,2,6,,,,,,,,3,06,,,,,,,,,,,1,1.578,0,,,,,,-0.369444444,-0.268518519,1,0,0,1.5776,Andesite_rect,5,0,5,0,1,
663a8050f55f768e9ea55705,TCN,2024-06-21_13h46.15.675,LearnStrategy,2023.2.3,Win32,59.88023952,2,2,7,,,,,,,,2,06,,,,,,,,,,,2,1.412,1,,,,,,-0.197222222,-0.263888889,1,0,0,1.412,Basalt_rect,6,0,6,0,1,
663a8050f55f768e9ea55705,TCN,2024-06-21_13h46.15.675,LearnStrategy,2023.2.3,Win32,59.88023952,2,2,8,,,,,,,,3,07,,,,,,,,,,,7,1.377,0,,,,,,0.098148148,-0.391666667,1,0,0,1.3771,Peridotite_rect,7,0,7,0,1,
663a8050f55f768e9ea55705,TCN,2024-06-21_13h46.15.675,LearnStrategy,2023.2.3,Win32,59.88023952,2,2,9,,,,,,,,1,07,,,,,,,,,,,6,1.194,0,,,,,,-0.053703704,-0.396296296,1,0,0,1.1939,Pegmatite_rect,8,0,8,0,1,
663a8050f55f768e9ea55705,TCN,2024-06-21_13h46.15.675,LearnStrategy,2023.2.3,Win32,59.88023952,2,2,10,,,,,,,,5,12,,,,,,,,,,,5,1.895,1,,,,,,-0.426851852,-0.40462963,1,0,0,1.8952,Obsidian_rect,9,0,9,0,1,
663a8050f55f768e9ea55705,TCN,2024-06-21_13h46.15.675,LearnStrategy,2023.2.3,Win32,59.88023952,2,2,11,,,,,,,,1,02,,,,,,,,,,,6,8.068,0,,,,,,-0.15,-0.408333333,1,0,0,8.0683,Pegmatite_rect,10,0,10,0,1,
663a8050f55f768e9ea55705,TCN,2024-06-21_13h46.15.675,LearnStrategy,2023.2.3,Win32,59.88023952,2,2,12,,,,,,,,4,14,,,,,,,,,,,2,1.926,0,,,,,,-0.150925926,-0.251851852,1,0,0,1.9264,Basalt_rect,11,0,11,0,1,
663a8050f55f768e9ea55705,TCN,2024-06-21_13h46.15.675,LearnStrategy,2023.2.3,Win32,59.88023952,2,2,13,,,,,,,,6,08,,,,,,,,,,,3,6.85,0,,,,,,0.15462963,-0.248148148,1,0,0,6.85,Diorite_rect,12,0,12,0,1,
663a8050f55f768e9ea55705,TCN,2024-06-21_13h46.15.675,LearnStrategy,2023.2.3,Win32,59.88023952,2,2,14,,,,,,,,7,10,,,,,,,,,,,7,2.011,1,,,,,,0.064814815,-0.396296296,1,0,0,2.0113,Peridotite_rect,13,0,13,0,1,
663a8050f55f768e9ea55705,TCN,2024-06-21_13h46.15.675,LearnStrategy,2023.2.3,Win32,59.88023952,2,2,15,,,,,,,,6,10,,,,,,,,,,,7,1.145,0,,,,,,0.030555556,-0.382407407,1,0,0,1.1447,Peridotite_rect,14,0,14,0,1,
663a8050f55f768e9ea55705,TCN,2024-06-21_13h46.15.675,LearnStrategy,2023.2.3,Win32,59.88023952,2,2,16,,,,,,,,4,08,,,,,,,,,,,6,1.494,0,,,,,,-0.117592593,-0.380555556,1,0,0,1.4943,Pegmatite_rect,15,0,15,0,1,
663a8050f55f768e9ea55705,TCN,2024-06-21_13h46.15.675,LearnStrategy,2023.2.3,Win32,59.88023952,3,1,1,0.062962963,-0.012962963,1,0,0,52.9828,rock_grid_rect_2,5,09,-1,-1,52.983,-0.428703704,-0.406481481,1,0,0,1.776,Obsidian_rect,5,1.776,1,0,0,0,0,1,,,,,,,,,,,,,
663a8050f55f768e9ea55705,TCN,2024-06-21_13h46.15.675,LearnStrategy,2023.2.3,Win32,59.88023952,3,1,2,-0.075925926,-0.001851852,1,0,0,0.8833,rock_grid_rect_2,2,04,-1,-1,0.883,-0.128703704,-0.244444444,1,0,0,0.8428,Basalt_rect,2,0.843,1,1,0,1,0,1,,,,,,,,,,,,,
663a8050f55f768e9ea55705,TCN,2024-06-21_13h46.15.675,LearnStrategy,2023.2.3,Win32,59.88023952,3,1,3,-0.04537037,0,1,0,0,0.766,rock_grid_rect_2,6,09,-1,-1,0.766,0.097222222,-0.244444444,1,0,0,2.3451,Diorite_rect,3,2.345,0,2,0,2,0,1,,,,,,,,,,,,,
663a8050f55f768e9ea55705,TCN,2024-06-21_13h46.15.675,LearnStrategy,2023.2.3,Win32,59.88023952,3,1,4,-0.02962963,-0.022222222,1,0,0,0.9981,rock_grid_rect_2,3,12,-1,-1,0.998,0.35,-0.413888889,1,0,0,6.2784,Pumice_rect,8,6.278,0,3,0,3,0,1,,,,,,,,,,,,,
663a8050f55f768e9ea55705,TCN,2024-06-21_13h46.15.675,LearnStrategy,2023.2.3,Win32,59.88023952,3,1,5,0.044444444,-0.018518519,1,0,0,0.8984,rock_grid_rect_2,4,09,-1,-1,0.898,-0.073148148,-0.238888889,1,0,0,2.7618,Basalt_rect,2,2.762,0,4,0,4,0,1,,,,,,,,,,,,,
663a8050f55f768e9ea55705,TCN,2024-06-21_13h46.15.675,LearnStrategy,2023.2.3,Win32,59.88023952,3,1,6,-0.028703704,0.003703704,1,0,0,0.8804,rock_grid_rect_2,3,09,-1,-1,0.88,0.160185185,-0.421296296,1,0,0,1.3935,Peridotite_rect,7,1.394,0,5,0,5,0,1,,,,,,,,,,,,,
663a8050f55f768e9ea55705,TCN,2024-06-21_13h46.15.675,LearnStrategy,2023.2.3,Win32,59.88023952,3,1,7,-0.001851852,0.003703704,1,0,0,0.8494,rock_grid_rect_2,4,15,-1,-1,0.849,0.090740741,-0.414814815,1,0,0,1.4104,Peridotite_rect,7,1.41,0,6,0,6,0,1,,,,,,,,,,,,,
663a8050f55f768e9ea55705,TCN,2024-06-21_13h46.15.675,LearnStrategy,2023.2.3,Win32,59.88023952,3,1,8,0.075,0.00462963,1,0,0,0.8535,rock_grid_rect_2,8,08,-1,-1,0.854,0.425925926,-0.418518519,1,0,0,2.6574,Pumice_rect,8,2.657,1,7,0,7,0,1,,,,,,,,,,,,,
663a8050f55f768e9ea55705,TCN,2024-06-21_13h46.15.675,LearnStrategy,2023.2.3,Win32,59.88023952,3,1,9,-0.05462963,0.009259259,1,0,0,0.7814,rock_grid_rect_2,6,16,-1,-1,0.781,-0.338888889,-0.238888889,1,0,0,3.3286,Andesite_rect,1,3.329,0,8,0,8,0,1,,,,,,,,,,,,,
663a8050f55f768e9ea55705,TCN,2024-06-21_13h46.15.675,LearnStrategy,2023.2.3,Win32,59.88023952,3,1,10,0.012962963,0.00462963,1,0,0,0.7984,rock_grid_rect_2,2,09,-1,-1,0.798,-0.096296296,-0.248148148,1,0,0,0.8816,Basalt_rect,2,0.882,1,9,0,9,0,1,,,,,,,,,,,,,
663a8050f55f768e9ea55705,TCN,2024-06-21_13h46.15.675,LearnStrategy,2023.2.3,Win32,59.88023952,3,1,11,-0.042592593,-0.025,1,0,0,0.7808,rock_grid_rect_2,5,11,-1,-1,0.781,-0.394444444,-0.398148148,1,0,0,1.0597,Obsidian_rect,5,1.06,1,10,0,10,0,1,,,,,,,,,,,,,
663a8050f55f768e9ea55705,TCN,2024-06-21_13h46.15.675,LearnStrategy,2023.2.3,Win32,59.88023952,3,1,12,-0.067592593,0.007407407,1,0,0,0.6322,rock_grid_rect_2,7,07,-1,-1,0.632,0.189814815,-0.253703704,1,0,0,2.5784,Diorite_rect,3,2.578,0,11,0,11,0,1,,,,,,,,,,,,,
663a8050f55f768e9ea55705,TCN,2024-06-21_13h46.15.675,LearnStrategy,2023.2.3,Win32,59.88023952,3,1,13,0.022222222,-0.02037037,1,0,0,0.8647,rock_grid_rect_2,1,09,-1,-1,0.865,-0.138888889,-0.237962963,1,0,0,2.1302,Basalt_rect,2,2.13,0,12,0,12,0,1,,,,,,,,,,,,,
663a8050f55f768e9ea55705,TCN,2024-06-21_13h46.15.675,LearnStrategy,2023.2.3,Win32,59.88023952,3,1,14,-0.049074074,-0.011111111,1,0,0,1.1336,rock_grid_rect_2,8,06,-1,-1,1.134,0.472222222,-0.419444444,1,0,0,1.2102,Pumice_rect,8,1.21,1,13,0,13,0,1,,,,,,,,,,,,,
663a8050f55f768e9ea55705,TCN,2024-06-21_13h46.15.675,LearnStrategy,2023.2.3,Win32,59.88023952,3,1,15,-0.073148148,-0.00462963,1,0,0,1.1329,rock_grid_rect_2,1,14,-1,-1,1.133,-0.078703704,-0.396296296,1,0,0,2.7622,Pegmatite_rect,6,2.762,0,14,0,14,0,1,,,,,,,,,,,,,
663a8050f55f768e9ea55705,TCN,2024-06-21_13h46.15.675,LearnStrategy,2023.2.3,Win32,59.88023952,3,1,16,0.014814815,-0.007407407,1,0,0,0.9496,rock_grid_rect_2,7,14,-1,-1,0.95,0.127777778,-0.262962963,1,0,0,2.3626,Diorite_rect,3,2.363,0,15,0,15,0,1,,,,,,,,,,,,,
663a8050f55f768e9ea55705,TCN,2024-06-21_13h46.15.675,LearnStrategy,2023.2.3,Win32,59.88023952,3,2,1,,,,,,,,8,10,,,,,,,,,,,8,1.978,1,,,,,,0.406481481,-0.4,1,0,0,1.9784,Pumice_rect,0,0,0,0,1,
663a8050f55f768e9ea55705,TCN,2024-06-21_13h46.15.675,LearnStrategy,2023.2.3,Win32,59.88023952,3,2,2,,,,,,,,6,13,,,,,,,,,,,1,1.961,0,,,,,,-0.334259259,-0.25462963,1,0,0,1.9611,Andesite_rect,1,0,1,0,1,
663a8050f55f768e9ea55705,TCN,2024-06-21_13h46.15.675,LearnStrategy,2023.2.3,Win32,59.88023952,3,2,3,,,,,,,,6,12,,,,,,,,,,,7,4.213,0,,,,,,0.075,-0.406481481,1,0,0,4.2129,Peridotite_rect,2,0,2,0,1,
663a8050f55f768e9ea55705,TCN,2024-06-21_13h46.15.675,LearnStrategy,2023.2.3,Win32,59.88023952,3,2,4,,,,,,,,3,11,,,,,,,,,,,4,5.813,0,,,,,,0.385185185,-0.252777778,1,0,0,5.8127,Gabbro_rect,3,0,3,0,1,
663a8050f55f768e9ea55705,TCN,2024-06-21_13h46.15.675,LearnStrategy,2023.2.3,Win32,59.88023952,3,2,5,,,,,,,,1,01,,,,,,,,,,,2,3.279,0,,,,,,-0.056481481,-0.22962963,1,0,0,3.2789,Basalt_rect,4,0,4,0,1,
663a8050f55f768e9ea55705,TCN,2024-06-21_13h46.15.675,LearnStrategy,2023.2.3,Win32,59.88023952,3,2,6,,,,,,,,3,02,,,,,,,,,,,3,3.113,1,,,,,,0.084259259,-0.27037037,1,0,0,3.1125,Diorite_rect,5,0,5,0,1,
663a8050f55f768e9ea55705,TCN,2024-06-21_13h46.15.675,LearnStrategy,2023.2.3,Win32,59.88023952,3,2,7,,,,,,,,4,12,,,,,,,,,,,2,4.78,0,,,,,,-0.078703704,-0.256481481,1,0,0,4.7798,Basalt_rect,6,0,6,0,1,
663a8050f55f768e9ea55705,TCN,2024-06-21_13h46.15.675,LearnStrategy,2023.2.3,Win32,59.88023952,3,2,8,,,,,,,,7,06,,,,,,,,,,,1,3.36,0,,,,,,-0.347222222,-0.248148148,1,0,0,3.3603,Andesite_rect,7,0,7,0,1,
663a8050f55f768e9ea55705,TCN,2024-06-21_13h46.15.675,LearnStrategy,2023.2.3,Win32,59.88023952,3,2,9,,,,,,,,2,08,,,,,,,,,,,2,1.943,1,,,,,,-0.15,-0.24537037,1,0,0,1.9434,Basalt_rect,8,0,8,0,1,
663a8050f55f768e9ea55705,TCN,2024-06-21_13h46.15.675,LearnStrategy,2023.2.3,Win32,59.88023952,3,2,10,,,,,,,,1,16,,,,,,,,,,,6,4.031,0,,,,,,-0.086111111,-0.409259259,1,0,0,4.031,Pegmatite_rect,9,0,9,0,1,
663a8050f55f768e9ea55705,TCN,2024-06-21_13h46.15.675,LearnStrategy,2023.2.3,Win32,59.88023952,3,2,11,,,,,,,,5,14,,,,,,,,,,,5,1.276,1,,,,,,-0.382407407,-0.393518519,1,0,0,1.2758,Obsidian_rect,10,0,10,0,1,
663a8050f55f768e9ea55705,TCN,2024-06-21_13h46.15.675,LearnStrategy,2023.2.3,Win32,59.88023952,3,2,12,,,,,,,,7,05,,,,,,,,,,,6,2.779,0,,,,,,-0.075,-0.387037037,1,0,0,2.7786,Pegmatite_rect,11,0,11,0,1,
663a8050f55f768e9ea55705,TCN,2024-06-21_13h46.15.675,LearnStrategy,2023.2.3,Win32,59.88023952,3,2,13,,,,,,,,2,02,,,,,,,,,,,2,1.087,1,,,,,,-0.112962963,-0.241666667,1,0,0,1.087,Basalt_rect,12,0,12,0,1,
663a8050f55f768e9ea55705,TCN,2024-06-21_13h46.15.675,LearnStrategy,2023.2.3,Win32,59.88023952,3,2,14,,,,,,,,4,16,,,,,,,,,,,2,1.71,0,,,,,,-0.110185185,-0.232407407,1,0,0,1.7102,Basalt_rect,13,0,13,0,1,
663a8050f55f768e9ea55705,TCN,2024-06-21_13h46.15.675,LearnStrategy,2023.2.3,Win32,59.88023952,3,2,15,,,,,,,,5,10,,,,,,,,,,,5,1.161,1,,,,,,-0.347222222,-0.378703704,1,0,0,1.1614,Obsidian_rect,14,0,14,0,1,
663a8050f55f768e9ea55705,TCN,2024-06-21_13h46.15.675,LearnStrategy,2023.2.3,Win32,59.88023952,3,2,16,,,,,,,,8,13,,,,,,,,,,,8,1.444,1,,,,,,0.388888889,-0.421296296,1,0,0,1.4436,Pumice_rect,15,0,15,0,1,
663a8050f55f768e9ea55705,TCN,2024-06-21_13h46.15.675,LearnStrategy,2023.2.3,Win32,59.88023952,4,1,1,0.043518519,0.015740741,1,0,0,0.8827,rock_grid_rect_2,3,10,-1,-1,0.883,-0.334259259,-0.25,1,0,0,2.1503,Andesite_rect,1,2.15,0,0,0,0,0,1,,,,,,,,,,,,,
663a8050f55f768e9ea55705,TCN,2024-06-21_13h46.15.675,LearnStrategy,2023.2.3,Win32,59.88023952,4,1,2,-0.002777778,-0.022222222,1,0,0,0.9324,rock_grid_rect_2,1,06,-1,-1,0.932,-0.363888889,-0.265740741,1,0,0,2.4609,Andesite_rect,1,2.461,1,1,0,1,0,1,,,,,,,,,,,,,
663a8050f55f768e9ea55705,TCN,2024-06-21_13h46.15.675,LearnStrategy,2023.2.3,Win32,59.88023952,4,1,3,0.031481481,-0.006481481,1,0,0,0.8051,rock_grid_rect_2,3,09,-1,-1,0.805,-0.068518519,-0.406481481,1,0,0,1.881,Pegmatite_rect,6,1.881,0,2,0,2,0,1,,,,,,,,,,,,,
663a8050f55f768e9ea55705,TCN,2024-06-21_13h46.15.675,LearnStrategy,2023.2.3,Win32,59.88023952,4,1,4,-0.015740741,-0.022222222,1,0,0,0.8833,rock_grid_rect_2,5,07,-1,-1,0.883,-0.359259259,-0.387962963,1,0,0,1.146,Obsidian_rect,5,1.146,1,3,0,3,0,1,,,,,,,,,,,,,
663a8050f55f768e9ea55705,TCN,2024-06-21_13h46.15.675,LearnStrategy,2023.2.3,Win32,59.88023952,4,1,5,-0.006481481,-0.015740741,1,0,0,0.7821,rock_grid_rect_2,4,15,-1,-1,0.782,-0.087962963,-0.258333333,1,0,0,3.4286,Basalt_rect,2,3.429,0,4,0,4,0,1,,,,,,,,,,,,,
663a8050f55f768e9ea55705,TCN,2024-06-21_13h46.15.675,LearnStrategy,2023.2.3,Win32,59.88023952,4,1,6,-0.007407407,-0.014814815,1,0,0,0.8789,rock_grid_rect_2,2,09,-1,-1,0.879,-0.115740741,-0.22962963,1,0,0,0.8918,Basalt_rect,2,0.892,1,5,0,5,0,1,,,,,,,,,,,,,
663a8050f55f768e9ea55705,TCN,2024-06-21_13h46.15.675,LearnStrategy,2023.2.3,Win32,59.88023952,4,1,7,-0.025,-0.016666667,1,0,0,0.7975,rock_grid_rect_2,8,06,-1,-1,0.797,0.353703704,-0.406481481,1,0,0,0.9611,Pumice_rect,8,0.961,1,6,0,6,0,1,,,,,,,,,,,,,
663a8050f55f768e9ea55705,TCN,2024-06-21_13h46.15.675,LearnStrategy,2023.2.3,Win32,59.88023952,4,1,8,-0.04537037,-0.010185185,1,0,0,0.816,rock_grid_rect_2,2,05,-1,-1,0.816,-0.157407407,-0.264814815,1,0,0,1.41,Basalt_rect,2,1.41,1,7,0,7,0,1,,,,,,,,,,,,,
663a8050f55f768e9ea55705,TCN,2024-06-21_13h46.15.675,LearnStrategy,2023.2.3,Win32,59.88023952,4,1,9,-0.012962963,-0.009259259,1,0,0,0.7165,rock_grid_rect_2,7,08,-1,-1,0.716,-0.085185185,-0.391666667,1,0,0,1.8603,Pegmatite_rect,6,1.86,0,8,0,8,0,1,,,,,,,,,,,,,
663a8050f55f768e9ea55705,TCN,2024-06-21_13h46.15.675,LearnStrategy,2023.2.3,Win32,59.88023952,4,1,10,-0.065740741,0,1,0,0,0.7832,rock_grid_rect_2,5,11,-1,-1,0.783,-0.350925926,-0.399074074,1,0,0,0.894,Obsidian_rect,5,0.894,1,9,0,9,0,1,,,,,,,,,,,,,
663a8050f55f768e9ea55705,TCN,2024-06-21_13h46.15.675,LearnStrategy,2023.2.3,Win32,59.88023952,4,1,11,0.021296296,0.009259259,1,0,0,0.6998,rock_grid_rect_2,1,05,-1,-1,0.7,-0.130555556,-0.412037037,1,0,0,1.6453,Pegmatite_rect,6,1.645,0,10,0,10,0,1,,,,,,,,,,,,,
663a8050f55f768e9ea55705,TCN,2024-06-21_13h46.15.675,LearnStrategy,2023.2.3,Win32,59.88023952,4,1,12,-0.062962963,-0.02037037,1,0,0,0.7354,rock_grid_rect_2,4,03,-1,-1,0.735,0.337037037,-0.242592593,1,0,0,2.089,Gabbro_rect,4,2.089,1,11,0,11,0,1,,,,,,,,,,,,,
663a8050f55f768e9ea55705,TCN,2024-06-21_13h46.15.675,LearnStrategy,2023.2.3,Win32,59.88023952,4,1,13,-0.028703704,-0.006481481,1,0,0,0.7647,rock_grid_rect_2,7,07,-1,-1,0.765,0.157407407,-0.261111111,1,0,0,2.1272,Diorite_rect,3,2.127,0,12,0,12,0,1,,,,,,,,,,,,,
663a8050f55f768e9ea55705,TCN,2024-06-21_13h46.15.675,LearnStrategy,2023.2.3,Win32,59.88023952,4,1,14,-0.075925926,-0.016666667,1,0,0,0.7495,rock_grid_rect_2,6,03,-1,-1,0.75,-0.317592593,-0.249074074,1,0,0,3.1568,Andesite_rect,1,3.157,0,13,0,13,0,1,,,,,,,,,,,,,
663a8050f55f768e9ea55705,TCN,2024-06-21_13h46.15.675,LearnStrategy,2023.2.3,Win32,59.88023952,4,1,15,-0.049074074,-0.015740741,1,0,0,0.878,rock_grid_rect_2,6,07,-1,-1,0.878,0.199074074,-0.263888889,1,0,0,1.4955,Diorite_rect,3,1.495,0,14,0,14,0,1,,,,,,,,,,,,,
663a8050f55f768e9ea55705,TCN,2024-06-21_13h46.15.675,LearnStrategy,2023.2.3,Win32,59.88023952,4,1,16,-0.040740741,-0.014814815,1,0,0,0.6994,rock_grid_rect_2,8,08,-1,-1,0.699,0.387962963,-0.387037037,1,0,0,1.0105,Pumice_rect,8,1.01,1,15,0,15,0,1,,,,,,,,,,,,,
663a8050f55f768e9ea55705,TCN,2024-06-21_13h46.15.675,LearnStrategy,2023.2.3,Win32,59.88023952,4,2,1,,,,,,,,2,08,,,,,,,,,,,2,1.635,1,,,,,,-0.162037037,-0.25,1,0,0,1.6353,Basalt_rect,0,0,0,0,1,
663a8050f55f768e9ea55705,TCN,2024-06-21_13h46.15.675,LearnStrategy,2023.2.3,Win32,59.88023952,4,2,2,,,,,,,,6,06,,,,,,,,,,,3,5.531,0,,,,,,0.115740741,-0.236111111,1,0,0,5.531,Diorite_rect,1,0,1,0,1,
663a8050f55f768e9ea55705,TCN,2024-06-21_13h46.15.675,LearnStrategy,2023.2.3,Win32,59.88023952,4,2,3,,,,,,,,6,13,,,,,,,,,,,1,2.561,0,,,,,,-0.32962963,-0.228703704,1,0,0,2.5607,Andesite_rect,2,0,2,0,1,
663a8050f55f768e9ea55705,TCN,2024-06-21_13h46.15.675,LearnStrategy,2023.2.3,Win32,59.88023952,4,2,4,,,,,,,,5,16,,,,,,,,,,,5,0.999,1,,,,,,-0.365740741,-0.400925926,1,0,0,0.9989,Obsidian_rect,3,0,3,0,1,
663a8050f55f768e9ea55705,TCN,2024-06-21_13h46.15.675,LearnStrategy,2023.2.3,Win32,59.88023952,4,2,5,,,,,,,,4,12,,,,,,,,,,,4,2.124,1,,,,,,0.326851852,-0.237962963,1,0,0,2.1237,Gabbro_rect,4,0,4,0,1,
663a8050f55f768e9ea55705,TCN,2024-06-21_13h46.15.675,LearnStrategy,2023.2.3,Win32,59.88023952,4,2,6,,,,,,,,4,08,,,,,,,,,,,4,0.954,1,,,,,,0.32037037,-0.239814815,1,0,0,0.9541,Gabbro_rect,5,0,5,0,1,
663a8050f55f768e9ea55705,TCN,2024-06-21_13h46.15.675,LearnStrategy,2023.2.3,Win32,59.88023952,4,2,7,,,,,,,,3,08,,,,,,,,,,,6,1.816,0,,,,,,-0.084259259,-0.387037037,1,0,0,1.8159,Pegmatite_rect,6,0,6,0,1,
663a8050f55f768e9ea55705,TCN,2024-06-21_13h46.15.675,LearnStrategy,2023.2.3,Win32,59.88023952,4,2,8,,,,,,,,8,03,,,,,,,,,,,8,3.589,1,,,,,,0.337962963,-0.392592593,1,0,0,3.5891,Pumice_rect,7,0,7,0,1,
663a8050f55f768e9ea55705,TCN,2024-06-21_13h46.15.675,LearnStrategy,2023.2.3,Win32,59.88023952,4,2,9,,,,,,,,1,02,,,,,,,,,,,3,19.395,0,,,,,,0.141666667,-0.260185185,1,0,0,19.3955,Diorite_rect,8,0,8,0,1,
663a8050f55f768e9ea55705,TCN,2024-06-21_13h46.15.675,LearnStrategy,2023.2.3,Win32,59.88023952,4,2,10,,,,,,,,2,12,,,,,,,,,,,2,1.093,1,,,,,,-0.10462963,-0.249074074,1,0,0,1.0932,Basalt_rect,9,0,9,0,1,
663a8050f55f768e9ea55705,TCN,2024-06-21_13h46.15.675,LearnStrategy,2023.2.3,Win32,59.88023952,4,2,11,,,,,,,,7,02,,,,,,,,,,,3,4.948,0,,,,,,0.140740741,-0.244444444,1,0,0,4.9479,Diorite_rect,10,0,10,0,1,
663a8050f55f768e9ea55705,TCN,2024-06-21_13h46.15.675,LearnStrategy,2023.2.3,Win32,59.88023952,4,2,12,,,,,,,,7,10,,,,,,,,,,,1,2.499,0,,,,,,-0.381481481,-0.247222222,1,0,0,2.4993,Andesite_rect,11,0,11,0,1,
663a8050f55f768e9ea55705,TCN,2024-06-21_13h46.15.675,LearnStrategy,2023.2.3,Win32,59.88023952,4,2,13,,,,,,,,1,11,,,,,,,,,,,7,2.15,0,,,,,,0.091666667,-0.392592593,1,0,0,2.1502,Peridotite_rect,12,0,12,0,1,
663a8050f55f768e9ea55705,TCN,2024-06-21_13h46.15.675,LearnStrategy,2023.2.3,Win32,59.88023952,4,2,14,,,,,,,,8,15,,,,,,,,,,,8,0.987,1,,,,,,0.339814815,-0.392592593,1,0,0,0.9867,Pumice_rect,13,0,13,0,1,
663a8050f55f768e9ea55705,TCN,2024-06-21_13h46.15.675,LearnStrategy,2023.2.3,Win32,59.88023952,4,2,15,,,,,,,,3,15,,,,,,,,,,,3,1.236,1,,,,,,0.097222222,-0.269444444,1,0,0,1.2357,Diorite_rect,14,0,14,0,1,
663a8050f55f768e9ea55705,TCN,2024-06-21_13h46.15.675,LearnStrategy,2023.2.3,Win32,59.88023952,4,2,16,,,,,,,,5,06,,,,,,,,,,,5,1.093,1,,,,,,-0.35462963,-0.412962963,1,0,0,1.093,Obsidian_rect,15,0,15,0,1,
663a8050f55f768e9ea55705,TCN,2024-06-21_13h46.15.675,LearnStrategy,2023.2.3,Win32,59.88023952,5,1,1,0.044444444,-0.02037037,1,0,0,9.3582,rock_grid_rect_2,1,03,-1,-1,9.358,-0.34537037,-0.244444444,1,0,0,3.5413,Andesite_rect,1,3.541,1,0,0,0,0,1,,,,,,,,,,,,,
663a8050f55f768e9ea55705,TCN,2024-06-21_13h46.15.675,LearnStrategy,2023.2.3,Win32,59.88023952,5,1,2,0.051851852,-0.003703704,1,0,0,0.8823,rock_grid_rect_2,2,16,-1,-1,0.882,0.348148148,-0.260185185,1,0,0,2.6949,Gabbro_rect,4,2.695,0,1,0,1,0,1,,,,,,,,,,,,,
663a8050f55f768e9ea55705,TCN,2024-06-21_13h46.15.675,LearnStrategy,2023.2.3,Win32,59.88023952,5,1,3,-0.026851852,-0.015740741,1,0,0,0.8989,rock_grid_rect_2,5,04,-1,-1,0.899,-0.380555556,-0.407407407,1,0,0,0.8933,Obsidian_rect,5,0.893,1,2,0,2,0,1,,,,,,,,,,,,,
663a8050f55f768e9ea55705,TCN,2024-06-21_13h46.15.675,LearnStrategy,2023.2.3,Win32,59.88023952,5,1,4,0.009259259,0.014814815,1,0,0,0.6997,rock_grid_rect_2,8,02,-1,-1,0.7,0.45,-0.399074074,1,0,0,0.9119,Pumice_rect,8,0.912,1,3,0,3,0,1,,,,,,,,,,,,,
663a8050f55f768e9ea55705,TCN,2024-06-21_13h46.15.675,LearnStrategy,2023.2.3,Win32,59.88023952,5,1,5,0.011111111,0.003703704,1,0,0,0.6331,rock_grid_rect_2,2,04,-1,-1,0.633,-0.112037037,-0.236111111,1,0,0,1.095,Basalt_rect,2,1.095,1,4,0,4,0,1,,,,,,,,,,,,,
663a8050f55f768e9ea55705,TCN,2024-06-21_13h46.15.675,LearnStrategy,2023.2.3,Win32,59.88023952,5,1,6,-0.015740741,-0.024074074,1,0,0,0.765,rock_grid_rect_2,7,15,-1,-1,0.765,0.092592593,-0.259259259,1,0,0,1.0699,Diorite_rect,3,1.07,0,5,0,5,0,1,,,,,,,,,,,,,
663a8050f55f768e9ea55705,TCN,2024-06-21_13h46.15.675,LearnStrategy,2023.2.3,Win32,59.88023952,5,1,7,-0.023148148,-0.012962963,1,0,0,0.8214,rock_grid_rect_2,1,04,-1,-1,0.821,-0.35,-0.248148148,1,0,0,1.3161,Andesite_rect,1,1.316,1,6,0,6,0,1,,,,,,,,,,,,,
663a8050f55f768e9ea55705,TCN,2024-06-21_13h46.15.675,LearnStrategy,2023.2.3,Win32,59.88023952,5,1,8,0.072222222,-0.003703704,1,0,0,0.6937,rock_grid_rect_2,5,02,-1,-1,0.694,-0.377777778,-0.42037037,1,0,0,1.0046,Obsidian_rect,5,1.005,1,7,0,7,0,1,,,,,,,,,,,,,
663a8050f55f768e9ea55705,TCN,2024-06-21_13h46.15.675,LearnStrategy,2023.2.3,Win32,59.88023952,5,1,9,-0.057407407,-0.002777778,1,0,0,0.6381,rock_grid_rect_2,6,16,-1,-1,0.638,-0.34537037,-0.242592593,1,0,0,2.1574,Andesite_rect,1,2.157,0,8,0,8,0,1,,,,,,,,,,,,,
663a8050f55f768e9ea55705,TCN,2024-06-21_13h46.15.675,LearnStrategy,2023.2.3,Win32,59.88023952,5,1,10,-0.110185185,0.017592593,1,0,0,0.8339,rock_grid_rect_2,6,05,-1,-1,0.834,-0.346296296,-0.387037037,1,0,0,1.6092,Obsidian_rect,5,1.609,0,9,0,9,0,1,,,,,,,,,,,,,
663a8050f55f768e9ea55705,TCN,2024-06-21_13h46.15.675,LearnStrategy,2023.2.3,Win32,59.88023952,5,1,11,-0.000925926,-0.006481481,1,0,0,0.7868,rock_grid_rect_2,4,11,-1,-1,0.787,0.355555556,-0.232407407,1,0,0,1.473,Gabbro_rect,4,1.473,1,10,0,10,0,1,,,,,,,,,,,,,
663a8050f55f768e9ea55705,TCN,2024-06-21_13h46.15.675,LearnStrategy,2023.2.3,Win32,59.88023952,5,1,12,-0.033333333,-0.015740741,1,0,0,0.6835,rock_grid_rect_2,4,09,-1,-1,0.684,0.402777778,-0.27037037,1,0,0,3.3794,Gabbro_rect,4,3.379,1,11,0,11,0,1,,,,,,,,,,,,,
663a8050f55f768e9ea55705,TCN,2024-06-21_13h46.15.675,LearnStrategy,2023.2.3,Win32,59.88023952,5,1,13,0.038888889,0.024074074,1,0,0,0.6675,rock_grid_rect_2,7,13,-1,-1,0.668,-0.1,-0.397222222,1,0,0,1.5434,Pegmatite_rect,6,1.543,0,12,0,12,0,1,,,,,,,,,,,,,
663a8050f55f768e9ea55705,TCN,2024-06-21_13h46.15.675,LearnStrategy,2023.2.3,Win32,59.88023952,5,1,14,-0.003703704,-0.022222222,1,0,0,0.7366,rock_grid_rect_2,3,13,-1,-1,0.737,-0.10462963,-0.398148148,1,0,0,2.4908,Pegmatite_rect,6,2.491,0,13,0,13,0,1,,,,,,,,,,,,,
663a8050f55f768e9ea55705,TCN,2024-06-21_13h46.15.675,LearnStrategy,2023.2.3,Win32,59.88023952,5,1,15,0.012962963,0.014814815,1,0,0,0.6357,rock_grid_rect_2,3,12,-1,-1,0.636,0.087037037,-0.230555556,1,0,0,1.1155,Diorite_rect,3,1.115,1,14,0,14,0,1,,,,,,,,,,,,,
663a8050f55f768e9ea55705,TCN,2024-06-21_13h46.15.675,LearnStrategy,2023.2.3,Win32,59.88023952,5,1,16,0.088888889,0.008333333,1,0,0,0.6508,rock_grid_rect_2,8,05,-1,-1,0.651,0.414814815,-0.412037037,1,0,0,0.8956,Pumice_rect,8,0.896,1,15,0,15,0,1,,,,,,,,,,,,,
663a8050f55f768e9ea55705,TCN,2024-06-21_13h46.15.675,LearnStrategy,2023.2.3,Win32,59.88023952,5,2,1,,,,,,,,7,04,,,,,,,,,,,3,3.413,0,,,,,,0.034259259,-0.262962963,1,0,0,3.4132,Diorite_rect,0,0,0,0,1,
663a8050f55f768e9ea55705,TCN,2024-06-21_13h46.15.675,LearnStrategy,2023.2.3,Win32,59.88023952,5,2,2,,,,,,,,2,06,,,,,,,,,,,2,1.62,1,,,,,,-0.088888889,-0.236111111,1,0,0,1.6198,Basalt_rect,1,0,1,0,1,
663a8050f55f768e9ea55705,TCN,2024-06-21_13h46.15.675,LearnStrategy,2023.2.3,Win32,59.88023952,5,2,3,,,,,,,,5,10,,,,,,,,,,,5,1.093,1,,,,,,-0.40462963,-0.398148148,1,0,0,1.0935,Obsidian_rect,2,0,2,0,1,
663a8050f55f768e9ea55705,TCN,2024-06-21_13h46.15.675,LearnStrategy,2023.2.3,Win32,59.88023952,5,2,4,,,,,,,,6,12,,,,,,,,,,,7,1.834,0,,,,,,0.063888889,-0.389814815,1,0,0,1.8341,Peridotite_rect,3,0,3,0,1,
663a8050f55f768e9ea55705,TCN,2024-06-21_13h46.15.675,LearnStrategy,2023.2.3,Win32,59.88023952,5,2,5,,,,,,,,8,04,,,,,,,,,,,8,0.934,1,,,,,,0.413888889,-0.39537037,1,0,0,0.9344,Pumice_rect,4,0,4,0,1,
663a8050f55f768e9ea55705,TCN,2024-06-21_13h46.15.675,LearnStrategy,2023.2.3,Win32,59.88023952,5,2,6,,,,,,,,5,12,,,,,,,,,,,5,1.261,1,,,,,,-0.375925926,-0.419444444,1,0,0,1.261,Obsidian_rect,5,0,5,0,1,
663a8050f55f768e9ea55705,TCN,2024-06-21_13h46.15.675,LearnStrategy,2023.2.3,Win32,59.88023952,5,2,7,,,,,,,,3,06,,,,,,,,,,,3,4.883,1,,,,,,0.190740741,-0.25,1,0,0,4.883,Diorite_rect,6,0,6,0,1,
663a8050f55f768e9ea55705,TCN,2024-06-21_13h46.15.675,LearnStrategy,2023.2.3,Win32,59.88023952,5,2,8,,,,,,,,3,02,,,,,,,,,,,1,2.271,0,,,,,,-0.338888889,-0.236111111,1,0,0,2.2708,Andesite_rect,7,0,7,0,1,
663a8050f55f768e9ea55705,TCN,2024-06-21_13h46.15.675,LearnStrategy,2023.2.3,Win32,59.88023952,5,2,9,,,,,,,,4,14,,,,,,,,,,,4,1.104,1,,,,,,0.378703704,-0.235185185,1,0,0,1.1039,Gabbro_rect,8,0,8,0,1,
663a8050f55f768e9ea55705,TCN,2024-06-21_13h46.15.675,LearnStrategy,2023.2.3,Win32,59.88023952,5,2,10,,,,,,,,1,01,,,,,,,,,,,4,2.379,0,,,,,,0.358333333,-0.244444444,1,0,0,2.3791,Gabbro_rect,9,0,9,0,1,
663a8050f55f768e9ea55705,TCN,2024-06-21_13h46.15.675,LearnStrategy,2023.2.3,Win32,59.88023952,5,2,11,,,,,,,,7,12,,,,,,,,,,,7,2.472,1,,,,,,0.07962963,-0.400925926,1,0,0,2.4722,Peridotite_rect,10,0,10,0,1,
663a8050f55f768e9ea55705,TCN,2024-06-21_13h46.15.675,LearnStrategy,2023.2.3,Win32,59.88023952,5,2,12,,,,,,,,1,07,,,,,,,,,,,1,2.729,1,,,,,,-0.399074074,-0.259259259,1,0,0,2.7292,Andesite_rect,11,0,11,0,1,
663a8050f55f768e9ea55705,TCN,2024-06-21_13h46.15.675,LearnStrategy,2023.2.3,Win32,59.88023952,5,2,13,,,,,,,,4,01,,,,,,,,,,,6,3.821,0,,,,,,-0.073148148,-0.406481481,1,0,0,3.8214,Pegmatite_rect,12,0,12,0,1,
663a8050f55f768e9ea55705,TCN,2024-06-21_13h46.15.675,LearnStrategy,2023.2.3,Win32,59.88023952,5,2,14,,,,,,,,8,16,,,,,,,,,,,8,1.154,1,,,,,,0.387962963,-0.390740741,1,0,0,1.1537,Pumice_rect,13,0,13,0,1,
663a8050f55f768e9ea55705,TCN,2024-06-21_13h46.15.675,LearnStrategy,2023.2.3,Win32,59.88023952,5,2,15,,,,,,,,2,02,,,,,,,,,,,2,1.007,1,,,,,,-0.088888889,-0.249074074,1,0,0,1.007,Basalt_rect,14,0,14,0,1,
663a8050f55f768e9ea55705,TCN,2024-06-21_13h46.15.675,LearnStrategy,2023.2.3,Win32,59.88023952,5,2,16,,,,,,,,6,11,,,,,,,,,,,6,2.131,1,,,,,,-0.141666667,-0.392592593,1,0,0,2.1314,Pegmatite_rect,15,0,15,0,1,
663a8050f55f768e9ea55705,TCN,2024-06-21_13h46.15.675,LearnStrategy,2023.2.3,Win32,59.88023952,6,1,1,0.02962963,0.00462963,1,0,0,1.0346,rock_grid_rect_2,4,10,-1,-1,1.035,0.363888889,-0.248148148,1,0,0,24.2867,Gabbro_rect,4,24.287,1,0,0,0,0,1,,,,,,,,,,,,,
663a8050f55f768e9ea55705,TCN,2024-06-21_13h46.15.675,LearnStrategy,2023.2.3,Win32,59.88023952,6,1,2,-0.047222222,-0.014814815,1,0,0,1.1182,rock_grid_rect_2,4,05,-1,-1,1.118,0.355555556,-0.248148148,1,0,0,1.0235,Gabbro_rect,4,1.024,1,1,0,1,0,1,,,,,,,,,,,,,
663a8050f55f768e9ea55705,TCN,2024-06-21_13h46.15.675,LearnStrategy,2023.2.3,Win32,59.88023952,6,1,3,0.02037037,0.000925926,1,0,0,0.5744,rock_grid_rect_2,3,14,-1,-1,0.574,-0.067592593,-0.393518519,1,0,0,1.8692,Pegmatite_rect,6,1.869,0,2,0,2,0,1,,,,,,,,,,,,,
663a8050f55f768e9ea55705,TCN,2024-06-21_13h46.15.675,LearnStrategy,2023.2.3,Win32,59.88023952,6,1,4,-0.00462963,-0.023148148,1,0,0,0.7678,rock_grid_rect_2,6,15,-1,-1,0.768,0.107407407,-0.251851852,1,0,0,1.2902,Diorite_rect,3,1.29,0,3,0,3,0,1,,,,,,,,,,,,,
663a8050f55f768e9ea55705,TCN,2024-06-21_13h46.15.675,LearnStrategy,2023.2.3,Win32,59.88023952,6,1,5,-0.012962963,-0.009259259,1,0,0,0.8443,rock_grid_rect_2,5,09,-1,-1,0.844,-0.387037037,-0.383333333,1,0,0,1.1281,Obsidian_rect,5,1.128,1,4,0,4,0,1,,,,,,,,,,,,,
663a8050f55f768e9ea55705,TCN,2024-06-21_13h46.15.675,LearnStrategy,2023.2.3,Win32,59.88023952,6,1,6,0.014814815,-0.001851852,1,0,0,1.1167,rock_grid_rect_2,2,10,-1,-1,1.117,0.42037037,-0.262037037,1,0,0,1.7112,Gabbro_rect,4,1.711,0,5,0,5,0,1,,,,,,,,,,,,,
663a8050f55f768e9ea55705,TCN,2024-06-21_13h46.15.675,LearnStrategy,2023.2.3,Win32,59.88023952,6,1,7,-0.009259259,0.002777778,1,0,0,0.6827,rock_grid_rect_2,2,11,-1,-1,0.683,0.417592593,-0.37962963,1,0,0,1.0782,Pumice_rect,8,1.078,0,6,0,6,0,1,,,,,,,,,,,,,
663a8050f55f768e9ea55705,TCN,2024-06-21_13h46.15.675,LearnStrategy,2023.2.3,Win32,59.88023952,6,1,8,-0.018518519,0.000925926,1,0,0,0.6344,rock_grid_rect_2,1,14,-1,-1,0.634,-0.338888889,-0.253703704,1,0,0,1.5887,Andesite_rect,1,1.589,1,7,0,7,0,1,,,,,,,,,,,,,
663a8050f55f768e9ea55705,TCN,2024-06-21_13h46.15.675,LearnStrategy,2023.2.3,Win32,59.88023952,6,1,9,0.060185185,-0.014814815,1,0,0,0.7157,rock_grid_rect_2,5,05,-1,-1,0.716,-0.415740741,-0.393518519,1,0,0,1.1095,Obsidian_rect,5,1.11,1,8,0,8,0,1,,,,,,,,,,,,,
663a8050f55f768e9ea55705,TCN,2024-06-21_13h46.15.675,LearnStrategy,2023.2.3,Win32,59.88023952,6,1,10,-0.021296296,-0.002777778,1,0,0,1.0163,rock_grid_rect_2,1,09,-1,-1,1.016,0.341666667,-0.247222222,1,0,0,1.5776,Gabbro_rect,4,1.578,0,9,0,9,0,1,,,,,,,,,,,,,
663a8050f55f768e9ea55705,TCN,2024-06-21_13h46.15.675,LearnStrategy,2023.2.3,Win32,59.88023952,6,1,11,0.025925926,0.00462963,1,0,0,0.8,rock_grid_rect_2,7,14,-1,-1,0.8,-0.069444444,-0.406481481,1,0,0,2.9284,Pegmatite_rect,6,2.928,0,10,0,10,0,1,,,,,,,,,,,,,
663a8050f55f768e9ea55705,TCN,2024-06-21_13h46.15.675,LearnStrategy,2023.2.3,Win32,59.88023952,6,1,12,0.061111111,0.002777778,1,0,0,0.7816,rock_grid_rect_2,8,09,-1,-1,0.782,0.351851852,-0.388888889,1,0,0,0.9096,Pumice_rect,8,0.91,1,11,0,11,0,1,,,,,,,,,,,,,
663a8050f55f768e9ea55705,TCN,2024-06-21_13h46.15.675,LearnStrategy,2023.2.3,Win32,59.88023952,6,1,13,-0.003703704,0.008333333,1,0,0,0.6332,rock_grid_rect_2,6,09,-1,-1,0.633,-0.093518519,-0.416666667,1,0,0,1.4689,Pegmatite_rect,6,1.469,1,12,0,12,0,1,,,,,,,,,,,,,
663a8050f55f768e9ea55705,TCN,2024-06-21_13h46.15.675,LearnStrategy,2023.2.3,Win32,59.88023952,6,1,14,-0.030555556,-0.007407407,1,0,0,0.6828,rock_grid_rect_2,7,16,-1,-1,0.683,-0.113888889,-0.391666667,1,0,0,1.1099,Pegmatite_rect,6,1.11,0,13,0,13,0,1,,,,,,,,,,,,,
663a8050f55f768e9ea55705,TCN,2024-06-21_13h46.15.675,LearnStrategy,2023.2.3,Win32,59.88023952,6,1,15,0.018518519,0.021296296,1,0,0,0.6182,rock_grid_rect_2,8,14,-1,-1,0.618,0.393518519,-0.419444444,1,0,0,0.8587,Pumice_rect,8,0.859,1,14,0,14,0,1,,,,,,,,,,,,,
663a8050f55f768e9ea55705,TCN,2024-06-21_13h46.15.675,LearnStrategy,2023.2.3,Win32,59.88023952,6,1,16,0.055555556,0.016666667,1,0,0,0.8498,rock_grid_rect_2,3,16,-1,-1,0.85,0.103703704,-0.238888889,1,0,0,2.0275,Diorite_rect,3,2.028,1,15,0,15,0,1,,,,,,,,,,,,,
663a8050f55f768e9ea55705,TCN,2024-06-21_13h46.15.675,LearnStrategy,2023.2.3,Win32,59.88023952,6,2,1,,,,,,,,6,08,,,,,,,,,,,6,1.546,1,,,,,,-0.162962963,-0.393518519,1,0,0,1.5458,Pegmatite_rect,0,0,0,0,1,
663a8050f55f768e9ea55705,TCN,2024-06-21_13h46.15.675,LearnStrategy,2023.2.3,Win32,59.88023952,6,2,2,,,,,,,,6,10,,,,,,,,,,,3,3.244,0,,,,,,0.123148148,-0.25,1,0,0,3.2437,Diorite_rect,1,0,1,0,1,
663a8050f55f768e9ea55705,TCN,2024-06-21_13h46.15.675,LearnStrategy,2023.2.3,Win32,59.88023952,6,2,3,,,,,,,,5,08,,,,,,,,,,,5,0.996,1,,,,,,-0.323148148,-0.4,1,0,0,0.9965,Obsidian_rect,2,0,2,0,1,
663a8050f55f768e9ea55705,TCN,2024-06-21_13h46.15.675,LearnStrategy,2023.2.3,Win32,59.88023952,6,2,4,,,,,,,,1,16,,,,,,,,,,,1,2.678,1,,,,,,-0.336111111,-0.250925926,1,0,0,2.6782,Andesite_rect,3,0,3,0,1,
663a8050f55f768e9ea55705,TCN,2024-06-21_13h46.15.675,LearnStrategy,2023.2.3,Win32,59.88023952,6,2,5,,,,,,,,3,07,,,,,,,,,,,7,1.671,0,,,,,,0.178703704,-0.399074074,1,0,0,1.6708,Peridotite_rect,4,0,4,0,1,
663a8050f55f768e9ea55705,TCN,2024-06-21_13h46.15.675,LearnStrategy,2023.2.3,Win32,59.88023952,6,2,6,,,,,,,,8,10,,,,,,,,,,,8,1.409,1,,,,,,0.40462963,-0.410185185,1,0,0,1.4086,Pumice_rect,5,0,5,0,1,
663a8050f55f768e9ea55705,TCN,2024-06-21_13h46.15.675,LearnStrategy,2023.2.3,Win32,59.88023952,6,2,7,,,,,,,,4,16,,,,,,,,,,,2,2.662,0,,,,,,-0.112962963,-0.250925926,1,0,0,2.6622,Basalt_rect,6,0,6,0,1,
663a8050f55f768e9ea55705,TCN,2024-06-21_13h46.15.675,LearnStrategy,2023.2.3,Win32,59.88023952,6,2,8,,,,,,,,1,10,,,,,,,,,,,4,0.97,0,,,,,,0.393518519,-0.262037037,1,0,0,0.9697,Gabbro_rect,7,0,7,0,1,
663a8050f55f768e9ea55705,TCN,2024-06-21_13h46.15.675,LearnStrategy,2023.2.3,Win32,59.88023952,6,2,9,,,,,,,,2,01,,,,,,,,,,,2,1.878,1,,,,,,-0.077777778,-0.248148148,1,0,0,1.8775,Basalt_rect,8,0,8,0,1,
663a8050f55f768e9ea55705,TCN,2024-06-21_13h46.15.675,LearnStrategy,2023.2.3,Win32,59.88023952,6,2,10,,,,,,,,2,14,,,,,,,,,,,8,1.083,0,,,,,,0.382407407,-0.382407407,1,0,0,1.0826,Pumice_rect,9,0,9,0,1,
663a8050f55f768e9ea55705,TCN,2024-06-21_13h46.15.675,LearnStrategy,2023.2.3,Win32,59.88023952,6,2,11,,,,,,,,8,13,,,,,,,,,,,8,1.777,1,,,,,,0.363888889,-0.411111111,1,0,0,1.7772,Pumice_rect,10,0,10,0,1,
663a8050f55f768e9ea55705,TCN,2024-06-21_13h46.15.675,LearnStrategy,2023.2.3,Win32,59.88023952,6,2,12,,,,,,,,3,11,,,,,,,,,,,1,1.338,0,,,,,,-0.342592593,-0.249074074,1,0,0,1.3384,Andesite_rect,11,0,11,0,1,
663a8050f55f768e9ea55705,TCN,2024-06-21_13h46.15.675,LearnStrategy,2023.2.3,Win32,59.88023952,6,2,13,,,,,,,,7,06,,,,,,,,,,,6,1.329,0,,,,,,-0.090740741,-0.397222222,1,0,0,1.3292,Pegmatite_rect,12,0,12,0,1,
663a8050f55f768e9ea55705,TCN,2024-06-21_13h46.15.675,LearnStrategy,2023.2.3,Win32,59.88023952,6,2,14,,,,,,,,5,14,,,,,,,,,,,5,0.921,1,,,,,,-0.356481481,-0.417592593,1,0,0,0.9213,Obsidian_rect,13,0,13,0,1,
663a8050f55f768e9ea55705,TCN,2024-06-21_13h46.15.675,LearnStrategy,2023.2.3,Win32,59.88023952,6,2,15,,,,,,,,7,05,,,,,,,,,,,4,1.142,0,,,,,,0.337962963,-0.253703704,1,0,0,1.1424,Gabbro_rect,14,0,14,0,1,
663a8050f55f768e9ea55705,TCN,2024-06-21_13h46.15.675,LearnStrategy,2023.2.3,Win32,59.88023952,6,2,16,,,,,,,,4,13,,,,,,,,,,,7,2.945,0,,,,,,0.066666667,-0.415740741,1,0,0,2.9454,Peridotite_rect,15,0,15,0,1,
663a8050f55f768e9ea55705,TCN,2024-06-21_13h46.15.675,LearnStrategy,2023.2.3,Win32,59.88023952,7,1,1,-0.02962963,0.012037037,1,0,0,2.4532,rock_grid_rect_2,2,09,-1,-1,2.453,-0.102777778,-0.25462963,1,0,0,2.1413,Basalt_rect,2,2.141,1,0,0,0,0,1,,,,,,,,,,,,,
663a8050f55f768e9ea55705,TCN,2024-06-21_13h46.15.675,LearnStrategy,2023.2.3,Win32,59.88023952,7,1,2,0.041666667,0.010185185,1,0,0,0.7812,rock_grid_rect_2,5,04,-1,-1,0.781,-0.393518519,-0.409259259,1,0,0,0.9234,Obsidian_rect,5,0.923,1,1,0,1,0,1,,,,,,,,,,,,,
663a8050f55f768e9ea55705,TCN,2024-06-21_13h46.15.675,LearnStrategy,2023.2.3,Win32,59.88023952,7,1,3,0.013888889,-0.013888889,1,0,0,0.699,rock_grid_rect_2,2,10,-1,-1,0.699,0.347222222,-0.252777778,1,0,0,1.1633,Gabbro_rect,4,1.163,0,2,0,2,0,1,,,,,,,,,,,,,
663a8050f55f768e9ea55705,TCN,2024-06-21_13h46.15.675,LearnStrategy,2023.2.3,Win32,59.88023952,7,1,4,0.012037037,-0.012037037,1,0,0,0.6665,rock_grid_rect_2,8,09,-1,-1,0.667,0.362037037,-0.394444444,1,0,0,1.0071,Pumice_rect,8,1.007,1,3,0,3,0,1,,,,,,,,,,,,,
663a8050f55f768e9ea55705,TCN,2024-06-21_13h46.15.675,LearnStrategy,2023.2.3,Win32,59.88023952,7,1,5,0.051851852,-0.006481481,1,0,0,0.6013,rock_grid_rect_2,1,06,-1,-1,0.601,-0.319444444,-0.246296296,1,0,0,1.457,Andesite_rect,1,1.457,1,4,0,4,0,1,,,,,,,,,,,,,
663a8050f55f768e9ea55705,TCN,2024-06-21_13h46.15.675,LearnStrategy,2023.2.3,Win32,59.88023952,7,1,6,-0.016666667,0.003703704,1,0,0,0.7164,rock_grid_rect_2,7,15,-1,-1,0.716,-0.110185185,-0.393518519,1,0,0,1.0768,Pegmatite_rect,6,1.077,0,5,0,5,0,1,,,,,,,,,,,,,
663a8050f55f768e9ea55705,TCN,2024-06-21_13h46.15.675,LearnStrategy,2023.2.3,Win32,59.88023952,7,1,7,0.038888889,-0.02037037,1,0,0,0.6661,rock_grid_rect_2,4,05,-1,-1,0.666,0.312037037,-0.247222222,1,0,0,1.6767,Gabbro_rect,4,1.677,1,6,0,6,0,1,,,,,,,,,,,,,
663a8050f55f768e9ea55705,TCN,2024-06-21_13h46.15.675,LearnStrategy,2023.2.3,Win32,59.88023952,7,1,8,0.112037037,-0.00462963,1,0,0,0.6158,rock_grid_rect_2,8,14,-1,-1,0.616,0.37037037,-0.406481481,1,0,0,0.893,Pumice_rect,8,0.893,1,7,0,7,0,1,,,,,,,,,,,,,
663a8050f55f768e9ea55705,TCN,2024-06-21_13h46.15.675,LearnStrategy,2023.2.3,Win32,59.88023952,7,1,9,0.062037037,0.008333333,1,0,0,0.6501,rock_grid_rect_2,6,16,-1,-1,0.65,-0.100925926,-0.380555556,1,0,0,0.9105,Pegmatite_rect,6,0.91,1,8,0,8,0,1,,,,,,,,,,,,,
663a8050f55f768e9ea55705,TCN,2024-06-21_13h46.15.675,LearnStrategy,2023.2.3,Win32,59.88023952,7,1,10,0.060185185,0.018518519,1,0,0,0.6339,rock_grid_rect_2,3,16,-1,-1,0.634,0.124074074,-0.251851852,1,0,0,0.9724,Diorite_rect,3,0.972,1,9,0,9,0,1,,,,,,,,,,,,,
663a8050f55f768e9ea55705,TCN,2024-06-21_13h46.15.675,LearnStrategy,2023.2.3,Win32,59.88023952,7,1,11,0.015740741,-0.007407407,1,0,0,0.7496,rock_grid_rect_2,3,14,-1,-1,0.75,0.087037037,-0.259259259,1,0,0,1.1598,Diorite_rect,3,1.16,1,10,0,10,0,1,,,,,,,,,,,,,
663a8050f55f768e9ea55705,TCN,2024-06-21_13h46.15.675,LearnStrategy,2023.2.3,Win32,59.88023952,7,1,12,0.041666667,0.002777778,1,0,0,0.6497,rock_grid_rect_2,5,11,-1,-1,0.65,-0.349074074,-0.386111111,1,0,0,1.5104,Obsidian_rect,5,1.51,1,11,0,11,0,1,,,,,,,,,,,,,
663a8050f55f768e9ea55705,TCN,2024-06-21_13h46.15.675,LearnStrategy,2023.2.3,Win32,59.88023952,7,1,13,0.058333333,-0.018518519,1,0,0,0.7157,rock_grid_rect_2,6,15,-1,-1,0.716,-0.412037037,-0.262037037,1,0,0,1.7615,Andesite_rect,1,1.762,0,12,0,12,0,1,,,,,,,,,,,,,
663a8050f55f768e9ea55705,TCN,2024-06-21_13h46.15.675,LearnStrategy,2023.2.3,Win32,59.88023952,7,1,14,-0.044444444,-0.011111111,1,0,0,0.599,rock_grid_rect_2,7,08,-1,-1,0.599,0.096296296,-0.393518519,1,0,0,1.858,Peridotite_rect,7,1.858,1,13,0,13,0,1,,,,,,,,,,,,,
663a8050f55f768e9ea55705,TCN,2024-06-21_13h46.15.675,LearnStrategy,2023.2.3,Win32,59.88023952,7,1,15,0.082407407,0.009259259,1,0,0,0.5663,rock_grid_rect_2,1,14,-1,-1,0.566,-0.381481481,-0.246296296,1,0,0,1.2426,Andesite_rect,1,1.243,1,14,0,14,0,1,,,,,,,,,,,,,
663a8050f55f768e9ea55705,TCN,2024-06-21_13h46.15.675,LearnStrategy,2023.2.3,Win32,59.88023952,7,1,16,0.040740741,-0.016666667,1,0,0,0.664,rock_grid_rect_2,4,11,-1,-1,0.664,0.355555556,-0.237962963,1,0,0,1.0265,Gabbro_rect,4,1.027,1,15,0,15,0,1,,,,,,,,,,,,,
663a8050f55f768e9ea55705,TCN,2024-06-21_13h46.15.675,LearnStrategy,2023.2.3,Win32,59.88023952,7,2,1,,,,,,,,4,16,,,,,,,,,,,4,2.962,1,,,,,,0.382407407,-0.241666667,1,0,0,2.9621,Gabbro_rect,0,0,0,0,1,
663a8050f55f768e9ea55705,TCN,2024-06-21_13h46.15.675,LearnStrategy,2023.2.3,Win32,59.88023952,7,2,2,,,,,,,,8,03,,,,,,,,,,,8,0.887,1,,,,,,0.319444444,-0.412037037,1,0,0,0.8871,Pumice_rect,1,0,1,0,1,
663a8050f55f768e9ea55705,TCN,2024-06-21_13h46.15.675,LearnStrategy,2023.2.3,Win32,59.88023952,7,2,3,,,,,,,,3,11,,,,,,,,,,,1,1.427,0,,,,,,-0.382407407,-0.264814815,1,0,0,1.4267,Andesite_rect,2,0,2,0,1,
663a8050f55f768e9ea55705,TCN,2024-06-21_13h46.15.675,LearnStrategy,2023.2.3,Win32,59.88023952,7,2,4,,,,,,,,7,10,,,,,,,,,,,3,0.894,0,,,,,,0.101851852,-0.241666667,1,0,0,0.8942,Diorite_rect,3,0,3,0,1,
663a8050f55f768e9ea55705,TCN,2024-06-21_13h46.15.675,LearnStrategy,2023.2.3,Win32,59.88023952,7,2,5,,,,,,,,3,02,,,,,,,,,,,1,1.311,0,,,,,,-0.337962963,-0.258333333,1,0,0,1.3109,Andesite_rect,4,0,4,0,1,
663a8050f55f768e9ea55705,TCN,2024-06-21_13h46.15.675,LearnStrategy,2023.2.3,Win32,59.88023952,7,2,6,,,,,,,,5,12,,,,,,,,,,,5,0.944,1,,,,,,-0.337962963,-0.414814815,1,0,0,0.9437,Obsidian_rect,5,0,5,0,1,
663a8050f55f768e9ea55705,TCN,2024-06-21_13h46.15.675,LearnStrategy,2023.2.3,Win32,59.88023952,7,2,7,,,,,,,,1,07,,,,,,,,,,,3,1.337,0,,,,,,0.139814815,-0.259259259,1,0,0,1.3373,Diorite_rect,6,0,6,0,1,
663a8050f55f768e9ea55705,TCN,2024-06-21_13h46.15.675,LearnStrategy,2023.2.3,Win32,59.88023952,7,2,8,,,,,,,,2,14,,,,,,,,,,,8,1.003,0,,,,,,0.349074074,-0.406481481,1,0,0,1.0027,Pumice_rect,7,0,7,0,1,
663a8050f55f768e9ea55705,TCN,2024-06-21_13h46.15.675,LearnStrategy,2023.2.3,Win32,59.88023952,7,2,9,,,,,,,,6,10,,,,,,,,,,,6,0.927,1,,,,,,-0.047222222,-0.400925926,1,0,0,0.9266,Pegmatite_rect,8,0,8,0,1,
663a8050f55f768e9ea55705,TCN,2024-06-21_13h46.15.675,LearnStrategy,2023.2.3,Win32,59.88023952,7,2,10,,,,,,,,5,08,,,,,,,,,,,5,0.982,1,,,,,,-0.368518519,-0.42037037,1,0,0,0.9818,Obsidian_rect,9,0,9,0,1,
663a8050f55f768e9ea55705,TCN,2024-06-21_13h46.15.675,LearnStrategy,2023.2.3,Win32,59.88023952,7,2,11,,,,,,,,8,15,,,,,,,,,,,8,0.877,1,,,,,,0.382407407,-0.417592593,1,0,0,0.8766,Pumice_rect,10,0,10,0,1,
663a8050f55f768e9ea55705,TCN,2024-06-21_13h46.15.675,LearnStrategy,2023.2.3,Win32,59.88023952,7,2,12,,,,,,,,1,10,,,,,,,,,,,4,3.115,0,,,,,,0.417592593,-0.262037037,1,0,0,3.1151,Gabbro_rect,11,0,11,0,1,
663a8050f55f768e9ea55705,TCN,2024-06-21_13h46.15.675,LearnStrategy,2023.2.3,Win32,59.88023952,7,2,13,,,,,,,,6,08,,,,,,,,,,,6,1.347,1,,,,,,-0.14537037,-0.410185185,1,0,0,1.3471,Pegmatite_rect,12,0,12,0,1,
663a8050f55f768e9ea55705,TCN,2024-06-21_13h46.15.675,LearnStrategy,2023.2.3,Win32,59.88023952,7,2,14,,,,,,,,2,01,,,,,,,,,,,2,1.577,1,,,,,,-0.060185185,-0.249074074,1,0,0,1.5773,Basalt_rect,13,0,13,0,1,
663a8050f55f768e9ea55705,TCN,2024-06-21_13h46.15.675,LearnStrategy,2023.2.3,Win32,59.88023952,7,2,15,,,,,,,,7,12,,,,,,,,,,,3,1.055,0,,,,,,0.101851852,-0.246296296,1,0,0,1.055,Diorite_rect,14,0,14,0,1,
663a8050f55f768e9ea55705,TCN,2024-06-21_13h46.15.675,LearnStrategy,2023.2.3,Win32,59.88023952,7,2,16,,,,,,,,4,12,,,,,,,,,,,4,3.131,1,,,,,,0.410185185,-0.228703704,1,0,0,3.1312,Gabbro_rect,15,0,15,0,1,
663a8050f55f768e9ea55705,TCN,2024-06-21_13h46.15.675,LearnStrategy,2023.2.3,Win32,59.88023952,8,1,1,0.080555556,-0.012962963,1,0,0,0.9507,rock_grid_rect_2,2,04,-1,-1,0.951,-0.119444444,-0.238888889,1,0,0,11.5062,Basalt_rect,2,11.506,1,0,0,0,0,1,,,,,,,,,,,,,
663a8050f55f768e9ea55705,TCN,2024-06-21_13h46.15.675,LearnStrategy,2023.2.3,Win32,59.88023952,8,1,2,0.074074074,-0.013888889,1,0,0,0.9984,rock_grid_rect_2,8,06,-1,-1,0.998,0.403703704,-0.384259259,1,0,0,1.3732,Pumice_rect,8,1.373,1,1,0,1,0,1,,,,,,,,,,,,,
663a8050f55f768e9ea55705,TCN,2024-06-21_13h46.15.675,LearnStrategy,2023.2.3,Win32,59.88023952,8,1,3,0.019444444,-0.019444444,1,0,0,0.6999,rock_grid_rect_2,2,11,-1,-1,0.7,0.375925926,-0.244444444,1,0,0,2.8166,Gabbro_rect,4,2.817,0,2,0,2,0,1,,,,,,,,,,,,,
663a8050f55f768e9ea55705,TCN,2024-06-21_13h46.15.675,LearnStrategy,2023.2.3,Win32,59.88023952,8,1,4,-0.037037037,0.002777778,1,0,0,0.7483,rock_grid_rect_2,4,09,-1,-1,0.748,0.447222222,-0.258333333,1,0,0,1.4104,Gabbro_rect,4,1.41,1,3,0,3,0,1,,,,,,,,,,,,,
663a8050f55f768e9ea55705,TCN,2024-06-21_13h46.15.675,LearnStrategy,2023.2.3,Win32,59.88023952,8,1,5,0.036111111,-0.00462963,1,0,0,0.5994,rock_grid_rect_2,1,03,-1,-1,0.599,0.082407407,-0.236111111,1,0,0,0.8457,Diorite_rect,3,0.846,0,4,0,4,0,1,,,,,,,,,,,,,
663a8050f55f768e9ea55705,TCN,2024-06-21_13h46.15.675,LearnStrategy,2023.2.3,Win32,59.88023952,8,1,6,0.000925926,-0.002777778,1,0,0,0.8674,rock_grid_rect_2,5,09,-1,-1,0.867,-0.367592593,-0.414814815,1,0,0,0.8577,Obsidian_rect,5,0.858,1,5,0,5,0,1,,,,,,,,,,,,,
663a8050f55f768e9ea55705,TCN,2024-06-21_13h46.15.675,LearnStrategy,2023.2.3,Win32,59.88023952,8,1,7,0.007407407,0.012962963,1,0,0,0.867,rock_grid_rect_2,8,08,-1,-1,0.867,0.339814815,-0.398148148,1,0,0,0.826,Pumice_rect,8,0.826,1,6,0,6,0,1,,,,,,,,,,,,,
663a8050f55f768e9ea55705,TCN,2024-06-21_13h46.15.675,LearnStrategy,2023.2.3,Win32,59.88023952,8,1,8,0.027777778,0.006481481,1,0,0,0.7671,rock_grid_rect_2,3,10,-1,-1,0.767,-0.384259259,-0.246296296,1,0,0,0.9936,Andesite_rect,1,0.994,0,7,0,7,0,1,,,,,,,,,,,,,
663a8050f55f768e9ea55705,TCN,2024-06-21_13h46.15.675,LearnStrategy,2023.2.3,Win32,59.88023952,8,1,9,0.019444444,-0.023148148,1,0,0,1.1843,rock_grid_rect_2,5,07,-1,-1,1.184,-0.30462963,-0.411111111,1,0,0,1.0159,Obsidian_rect,5,1.016,1,8,0,8,0,1,,,,,,,,,,,,,
663a8050f55f768e9ea55705,TCN,2024-06-21_13h46.15.675,LearnStrategy,2023.2.3,Win32,59.88023952,8,1,10,-0.033333333,-0.006481481,1,0,0,1.2504,rock_grid_rect_2,4,10,-1,-1,1.25,0.30462963,-0.269444444,1,0,0,2.0446,Gabbro_rect,4,2.045,1,9,0,9,0,1,,,,,,,,,,,,,
663a8050f55f768e9ea55705,TCN,2024-06-21_13h46.15.675,LearnStrategy,2023.2.3,Win32,59.88023952,8,1,11,0.04537037,0.00462963,1,0,0,0.7988,rock_grid_rect_2,1,09,-1,-1,0.799,-0.341666667,-0.253703704,1,0,0,1.741,Andesite_rect,1,1.741,1,10,0,10,0,1,,,,,,,,,,,,,
663a8050f55f768e9ea55705,TCN,2024-06-21_13h46.15.675,LearnStrategy,2023.2.3,Win32,59.88023952,8,1,12,-0.007407407,0.021296296,1,0,0,0.9289,rock_grid_rect_2,6,07,-1,-1,0.929,-0.121296296,-0.406481481,1,0,0,0.946,Pegmatite_rect,6,0.946,1,11,0,11,0,1,,,,,,,,,,,,,
663a8050f55f768e9ea55705,TCN,2024-06-21_13h46.15.675,LearnStrategy,2023.2.3,Win32,59.88023952,8,1,13,0.039814815,-0.02037037,1,0,0,0.6833,rock_grid_rect_2,7,13,-1,-1,0.683,0.118518519,-0.262962963,1,0,0,1.0274,Diorite_rect,3,1.027,0,12,0,12,0,1,,,,,,,,,,,,,
663a8050f55f768e9ea55705,TCN,2024-06-21_13h46.15.675,LearnStrategy,2023.2.3,Win32,59.88023952,8,1,14,0.075925926,0.007407407,1,0,0,0.6162,rock_grid_rect_2,6,03,-1,-1,0.616,0.119444444,-0.265740741,1,0,0,1.3469,Diorite_rect,3,1.347,0,13,0,13,0,1,,,,,,,,,,,,,
663a8050f55f768e9ea55705,TCN,2024-06-21_13h46.15.675,LearnStrategy,2023.2.3,Win32,59.88023952,8,1,15,-0.011111111,0.002777778,1,0,0,0.7352,rock_grid_rect_2,7,14,-1,-1,0.735,0.097222222,-0.256481481,1,0,0,0.8914,Diorite_rect,3,0.891,0,14,0,14,0,1,,,,,,,,,,,,,
663a8050f55f768e9ea55705,TCN,2024-06-21_13h46.15.675,LearnStrategy,2023.2.3,Win32,59.88023952,8,1,16,0.052777778,-0.012962963,1,0,0,0.6761,rock_grid_rect_2,3,09,-1,-1,0.676,0.109259259,-0.249074074,1,0,0,0.9357,Diorite_rect,3,0.936,1,15,0,15,0,1,,,,,,,,,,,,,
663a8050f55f768e9ea55705,TCN,2024-06-21_13h46.15.675,LearnStrategy,2023.2.3,Win32,59.88023952,8,2,1,,,,,,,,4,14,,,,,,,,,,,3,4.964,0,,,,,,0.166666667,-0.243518519,1,0,0,4.9635,Diorite_rect,0,0,0,0,1,
663a8050f55f768e9ea55705,TCN,2024-06-21_13h46.15.675,LearnStrategy,2023.2.3,Win32,59.88023952,8,2,2,,,,,,,,8,10,,,,,,,,,,,8,0.901,1,,,,,,0.412037037,-0.416666667,1,0,0,0.9014,Pumice_rect,1,0,1,0,1,
663a8050f55f768e9ea55705,TCN,2024-06-21_13h46.15.675,LearnStrategy,2023.2.3,Win32,59.88023952,8,2,3,,,,,,,,2,02,,,,,,,,,,,2,0.958,1,,,,,,-0.081481481,-0.262962963,1,0,0,0.9581,Basalt_rect,2,0,2,0,1,
663a8050f55f768e9ea55705,TCN,2024-06-21_13h46.15.675,LearnStrategy,2023.2.3,Win32,59.88023952,8,2,4,,,,,,,,7,05,,,,,,,,,,,3,1.493,0,,,,,,0.119444444,-0.252777778,1,0,0,1.4932,Diorite_rect,3,0,3,0,1,
663a8050f55f768e9ea55705,TCN,2024-06-21_13h46.15.675,LearnStrategy,2023.2.3,Win32,59.88023952,8,2,5,,,,,,,,7,02,,,,,,,,,,,7,1.01,1,,,,,,0.098148148,-0.399074074,1,0,0,1.0096,Peridotite_rect,4,0,4,0,1,
663a8050f55f768e9ea55705,TCN,2024-06-21_13h46.15.675,LearnStrategy,2023.2.3,Win32,59.88023952,8,2,6,,,,,,,,1,16,,,,,,,,,,,1,2.862,1,,,,,,-0.325,-0.252777778,1,0,0,2.8617,Andesite_rect,5,0,5,0,1,
663a8050f55f768e9ea55705,TCN,2024-06-21_13h46.15.675,LearnStrategy,2023.2.3,Win32,59.88023952,8,2,7,,,,,,,,1,01,,,,,,,,,,,4,1.143,0,,,,,,0.317592593,-0.247222222,1,0,0,1.1434,Gabbro_rect,6,0,6,0,1,
663a8050f55f768e9ea55705,TCN,2024-06-21_13h46.15.675,LearnStrategy,2023.2.3,Win32,59.88023952,8,2,8,,,,,,,,3,07,,,,,,,,,,,7,1.227,0,,,,,,0.103703704,-0.381481481,1,0,0,1.2275,Peridotite_rect,7,0,7,0,1,
663a8050f55f768e9ea55705,TCN,2024-06-21_13h46.15.675,LearnStrategy,2023.2.3,Win32,59.88023952,8,2,9,,,,,,,,3,08,,,,,,,,,,,6,3.854,0,,,,,,-0.103703704,-0.407407407,1,0,0,3.8545,Pegmatite_rect,8,0,8,0,1,
663a8050f55f768e9ea55705,TCN,2024-06-21_13h46.15.675,LearnStrategy,2023.2.3,Win32,59.88023952,8,2,10,,,,,,,,5,10,,,,,,,,,,,5,1.038,1,,,,,,-0.339814815,-0.418518519,1,0,0,1.0377,Obsidian_rect,9,0,9,0,1,
663a8050f55f768e9ea55705,TCN,2024-06-21_13h46.15.675,LearnStrategy,2023.2.3,Win32,59.88023952,8,2,11,,,,,,,,8,16,,,,,,,,,,,8,1.395,1,,,,,,0.306481481,-0.39537037,1,0,0,1.3953,Pumice_rect,10,0,10,0,1,
663a8050f55f768e9ea55705,TCN,2024-06-21_13h46.15.675,LearnStrategy,2023.2.3,Win32,59.88023952,8,2,12,,,,,,,,6,13,,,,,,,,,,,6,1.411,1,,,,,,-0.135185185,-0.389814815,1,0,0,1.4111,Pegmatite_rect,11,0,11,0,1,
663a8050f55f768e9ea55705,TCN,2024-06-21_13h46.15.675,LearnStrategy,2023.2.3,Win32,59.88023952,8,2,13,,,,,,,,6,11,,,,,,,,,,,7,2.456,0,,,,,,0.080555556,-0.412962963,1,0,0,2.456,Peridotite_rect,12,0,12,0,1,
663a8050f55f768e9ea55705,TCN,2024-06-21_13h46.15.675,LearnStrategy,2023.2.3,Win32,59.88023952,8,2,14,,,,,,,,5,14,,,,,,,,,,,5,1.16,1,,,,,,-0.360185185,-0.411111111,1,0,0,1.1601,Obsidian_rect,13,0,13,0,1,
663a8050f55f768e9ea55705,TCN,2024-06-21_13h46.15.675,LearnStrategy,2023.2.3,Win32,59.88023952,8,2,15,,,,,,,,2,12,,,,,,,,,,,2,0.883,1,,,,,,-0.15,-0.262037037,1,0,0,0.8835,Basalt_rect,14,0,14,0,1,
663a8050f55f768e9ea55705,TCN,2024-06-21_13h46.15.675,LearnStrategy,2023.2.3,Win32,59.88023952,8,2,16,,,,,,,,4,01,,,,,,,,,,,1,2.729,0,,,,,,-0.37037037,-0.268518519,1,0,0,2.7293,Andesite_rect,15,0,15,0,1,
663a8050f55f768e9ea55705,TCN,2024-06-21_13h46.15.675,LearnStrategy,2023.2.3,Win32,59.88023952,9,1,1,0.075925926,-0.012037037,1,0,0,0.4671,rock_grid_rect_2,3,12,-1,-1,0.467,0.162037037,-0.265740741,1,0,0,1.2448,Diorite_rect,3,1.245,1,0,0,0,0,1,,,,,,,,,,,,,
663a8050f55f768e9ea55705,TCN,2024-06-21_13h46.15.675,LearnStrategy,2023.2.3,Win32,59.88023952,9,1,2,0.161111111,-0.022222222,1,0,0,0.6492,rock_grid_rect_2,2,16,-1,-1,0.649,0.311111111,-0.246296296,1,0,0,1.0102,Gabbro_rect,4,1.01,0,1,0,1,0,1,,,,,,,,,,,,,
663a8050f55f768e9ea55705,TCN,2024-06-21_13h46.15.675,LearnStrategy,2023.2.3,Win32,59.88023952,9,1,3,0.084259259,0.001851852,1,0,0,0.6666,rock_grid_rect_2,6,09,-1,-1,0.667,-0.097222222,-0.403703704,1,0,0,1.2769,Pegmatite_rect,6,1.277,1,2,0,2,0,1,,,,,,,,,,,,,
663a8050f55f768e9ea55705,TCN,2024-06-21_13h46.15.675,LearnStrategy,2023.2.3,Win32,59.88023952,9,1,4,0.074074074,-0.012037037,1,0,0,0.6955,rock_grid_rect_2,4,15,-1,-1,0.696,0.099074074,-0.382407407,1,0,0,1.3605,Peridotite_rect,7,1.361,0,3,0,3,0,1,,,,,,,,,,,,,
663a8050f55f768e9ea55705,TCN,2024-06-21_13h46.15.675,LearnStrategy,2023.2.3,Win32,59.88023952,9,1,5,0.032407407,-0.022222222,1,0,0,0.7326,rock_grid_rect_2,6,05,-1,-1,0.733,0.17037037,-0.269444444,1,0,0,0.9767,Diorite_rect,3,0.977,0,4,0,4,0,1,,,,,,,,,,,,,
663a8050f55f768e9ea55705,TCN,2024-06-21_13h46.15.675,LearnStrategy,2023.2.3,Win32,59.88023952,9,1,6,0.037962963,0.021296296,1,0,0,0.6997,rock_grid_rect_2,8,05,-1,-1,0.7,0.32962963,-0.394444444,1,0,0,1.4934,Pumice_rect,8,1.493,1,5,0,5,0,1,,,,,,,,,,,,,
663a8050f55f768e9ea55705,TCN,2024-06-21_13h46.15.675,LearnStrategy,2023.2.3,Win32,59.88023952,9,1,7,-0.014814815,0.005555556,1,0,0,0.7504,rock_grid_rect_2,5,05,-1,-1,0.75,-0.343518519,-0.387962963,1,0,0,1.1278,Obsidian_rect,5,1.128,1,6,0,6,0,1,,,,,,,,,,,,,
663a8050f55f768e9ea55705,TCN,2024-06-21_13h46.15.675,LearnStrategy,2023.2.3,Win32,59.88023952,9,1,8,0.02037037,-0.013888889,1,0,0,0.8333,rock_grid_rect_2,3,13,-1,-1,0.833,-0.347222222,-0.243518519,1,0,0,1.3797,Andesite_rect,1,1.38,0,7,0,7,0,1,,,,,,,,,,,,,
663a8050f55f768e9ea55705,TCN,2024-06-21_13h46.15.675,LearnStrategy,2023.2.3,Win32,59.88023952,9,1,9,0.016666667,-0.02037037,1,0,0,0.7662,rock_grid_rect_2,4,03,-1,-1,0.766,0.424074074,-0.235185185,1,0,0,1.0098,Gabbro_rect,4,1.01,1,8,0,8,0,1,,,,,,,,,,,,,
663a8050f55f768e9ea55705,TCN,2024-06-21_13h46.15.675,LearnStrategy,2023.2.3,Win32,59.88023952,9,1,10,0.00462963,-0.012962963,1,0,0,0.6164,rock_grid_rect_2,8,02,-1,-1,0.616,0.462037037,-0.397222222,1,0,0,0.9596,Pumice_rect,8,0.96,1,9,0,9,0,1,,,,,,,,,,,,,
663a8050f55f768e9ea55705,TCN,2024-06-21_13h46.15.675,LearnStrategy,2023.2.3,Win32,59.88023952,9,1,11,0.068518519,-0.009259259,1,0,0,1.2169,rock_grid_rect_2,1,04,-1,-1,1.217,0.344444444,-0.256481481,1,0,0,0.9929,Gabbro_rect,4,0.993,0,10,0,10,0,1,,,,,,,,,,,,,
663a8050f55f768e9ea55705,TCN,2024-06-21_13h46.15.675,LearnStrategy,2023.2.3,Win32,59.88023952,9,1,12,-0.082407407,0.003703704,1,0,0,0.6328,rock_grid_rect_2,2,05,-1,-1,0.633,-0.113888889,-0.27037037,1,0,0,1.0608,Basalt_rect,2,1.061,1,11,0,11,0,1,,,,,,,,,,,,,
663a8050f55f768e9ea55705,TCN,2024-06-21_13h46.15.675,LearnStrategy,2023.2.3,Win32,59.88023952,9,1,13,-0.007407407,-0.008333333,1,0,0,0.9468,rock_grid_rect_2,1,05,-1,-1,0.947,0.160185185,-0.258333333,1,0,0,1.143,Diorite_rect,3,1.143,0,12,0,12,0,1,,,,,,,,,,,,,
663a8050f55f768e9ea55705,TCN,2024-06-21_13h46.15.675,LearnStrategy,2023.2.3,Win32,59.88023952,9,1,14,-0.012962963,0.021296296,1,0,0,0.9671,rock_grid_rect_2,5,02,-1,-1,0.967,-0.37037037,-0.418518519,1,0,0,0.9797,Obsidian_rect,5,0.98,1,13,0,13,0,1,,,,,,,,,,,,,
663a8050f55f768e9ea55705,TCN,2024-06-21_13h46.15.675,LearnStrategy,2023.2.3,Win32,59.88023952,9,1,15,-0.044444444,0,1,0,0,0.5493,rock_grid_rect_2,7,16,-1,-1,0.549,0.073148148,-0.399074074,1,0,0,0.7589,Peridotite_rect,7,0.759,1,14,0,14,0,1,,,,,,,,,,,,,
663a8050f55f768e9ea55705,TCN,2024-06-21_13h46.15.675,LearnStrategy,2023.2.3,Win32,59.88023952,9,1,16,-0.030555556,-0.001851852,1,0,0,0.9165,rock_grid_rect_2,7,07,-1,-1,0.917,0.127777778,-0.248148148,1,0,0,1.0093,Diorite_rect,3,1.009,0,15,0,15,0,1,,,,,,,,,,,,,
663a8050f55f768e9ea55705,TCN,2024-06-21_13h46.15.675,LearnStrategy,2023.2.3,Win32,59.88023952,9,2,1,,,,,,,,7,04,,,,,,,,,,,3,2.675,0,,,,,,0.103703704,-0.238888889,1,0,0,2.675,Diorite_rect,0,0,0,0,1,
663a8050f55f768e9ea55705,TCN,2024-06-21_13h46.15.675,LearnStrategy,2023.2.3,Win32,59.88023952,9,2,2,,,,,,,,5,06,,,,,,,,,,,5,1.003,1,,,,,,-0.371296296,-0.394444444,1,0,0,1.0029,Obsidian_rect,1,0,1,0,1,
663a8050f55f768e9ea55705,TCN,2024-06-21_13h46.15.675,LearnStrategy,2023.2.3,Win32,59.88023952,9,2,3,,,,,,,,3,06,,,,,,,,,,,1,3.512,0,,,,,,-0.333333333,-0.237037037,1,0,0,3.5121,Andesite_rect,2,0,2,0,1,
663a8050f55f768e9ea55705,TCN,2024-06-21_13h46.15.675,LearnStrategy,2023.2.3,Win32,59.88023952,9,2,4,,,,,,,,6,06,,,,,,,,,,,7,3.189,0,,,,,,0.111111111,-0.397222222,1,0,0,3.1893,Peridotite_rect,3,0,3,0,1,
663a8050f55f768e9ea55705,TCN,2024-06-21_13h46.15.675,LearnStrategy,2023.2.3,Win32,59.88023952,9,2,5,,,,,,,,2,06,,,,,,,,,,,2,0.793,1,,,,,,-0.081481481,-0.253703704,1,0,0,0.7931,Basalt_rect,4,0,4,0,1,
663a8050f55f768e9ea55705,TCN,2024-06-21_13h46.15.675,LearnStrategy,2023.2.3,Win32,59.88023952,9,2,6,,,,,,,,1,02,,,,,,,,,,,4,1.711,0,,,,,,0.336111111,-0.264814815,1,0,0,1.7107,Gabbro_rect,5,0,5,0,1,
663a8050f55f768e9ea55705,TCN,2024-06-21_13h46.15.675,LearnStrategy,2023.2.3,Win32,59.88023952,9,2,7,,,,,,,,4,08,,,,,,,,,,,4,4.965,1,,,,,,0.444444444,-0.249074074,1,0,0,4.9647,Gabbro_rect,6,0,6,0,1,
663a8050f55f768e9ea55705,TCN,2024-06-21_13h46.15.675,LearnStrategy,2023.2.3,Win32,59.88023952,9,2,8,,,,,,,,8,04,,,,,,,,,,,8,0.875,1,,,,,,0.377777778,-0.394444444,1,0,0,0.8753,Pumice_rect,7,0,7,0,1,
663a8050f55f768e9ea55705,TCN,2024-06-21_13h46.15.675,LearnStrategy,2023.2.3,Win32,59.88023952,9,2,9,,,,,,,,5,16,,,,,,,,,,,5,1.043,1,,,,,,-0.337962963,-0.391666667,1,0,0,1.0426,Obsidian_rect,8,0,8,0,1,
663a8050f55f768e9ea55705,TCN,2024-06-21_13h46.15.675,LearnStrategy,2023.2.3,Win32,59.88023952,9,2,10,,,,,,,,2,08,,,,,,,,,,,2,0.893,1,,,,,,-0.074074074,-0.244444444,1,0,0,0.8931,Basalt_rect,9,0,9,0,1,
663a8050f55f768e9ea55705,TCN,2024-06-21_13h46.15.675,LearnStrategy,2023.2.3,Win32,59.88023952,9,2,11,,,,,,,,3,15,,,,,,,,,,,1,4.706,0,,,,,,-0.347222222,-0.239814815,1,0,0,4.706,Andesite_rect,10,0,10,0,1,
663a8050f55f768e9ea55705,TCN,2024-06-21_13h46.15.675,LearnStrategy,2023.2.3,Win32,59.88023952,9,2,12,,,,,,,,6,12,,,,,,,,,,,3,1.003,0,,,,,,0.114814815,-0.246296296,1,0,0,1.0029,Diorite_rect,11,0,11,0,1,
663a8050f55f768e9ea55705,TCN,2024-06-21_13h46.15.675,LearnStrategy,2023.2.3,Win32,59.88023952,9,2,13,,,,,,,,1,11,,,,,,,,,,,4,1.562,0,,,,,,0.447222222,-0.262962963,1,0,0,1.5622,Gabbro_rect,12,0,12,0,1,
663a8050f55f768e9ea55705,TCN,2024-06-21_13h46.15.675,LearnStrategy,2023.2.3,Win32,59.88023952,9,2,14,,,,,,,,8,13,,,,,,,,,,,8,0.793,1,,,,,,0.392592593,-0.390740741,1,0,0,0.7925,Pumice_rect,13,0,13,0,1,
663a8050f55f768e9ea55705,TCN,2024-06-21_13h46.15.675,LearnStrategy,2023.2.3,Win32,59.88023952,9,2,15,,,,,,,,4,13,,,,,,,,,,,7,2.328,0,,,,,,0.184259259,-0.383333333,1,0,0,2.3277,Peridotite_rect,14,0,14,0,1,
663a8050f55f768e9ea55705,TCN,2024-06-21_13h46.15.675,LearnStrategy,2023.2.3,Win32,59.88023952,9,2,16,,,,,,,,7,06,,,,,,,,,,,7,1.9,1,,,,,,0.161111111,-0.37962963,1,0,0,1.9004,Peridotite_rect,15,0,15,0,1,
663a8050f55f768e9ea55705,TCN,2024-06-21_13h46.15.675,LearnStrategy,2023.2.3,Win32,59.88023952,,,,,,,,,,,,,,,,,,,,,,,,,,,,,,,,,,,,,,,,,,,0
663a8050f55f768e9ea55705,TCN,2024-06-21_13h46.15.675,LearnStrategy,2023.2.3,Win32,59.88023952,,,,,,,,,,,,,,,,,,,,,,,,,,,,,,,,,,,,,,,,,,,
663a8050f55f768e9ea55705,TCN,2024-06-21_13h46.15.675,LearnStrategy,2023.2.3,Win32,59.88023952,,,,,,,,,,,1,05,1,1,,,,,,,,,,,,,,,,,,,,,,,,,,,,,
663a8050f55f768e9ea55705,TCN,2024-06-21_13h46.15.675,LearnStrategy,2023.2.3,Win32,59.88023952,,,,,,,,,,,1,14,1,2,,,,,,,,,,,,,,,,,,,,,,,,,,,,,
663a8050f55f768e9ea55705,TCN,2024-06-21_13h46.15.675,LearnStrategy,2023.2.3,Win32,59.88023952,,,,,,,,,,,7,14,1,3,,,,,,,,,,,,,,,,,,,,,,,,,,,,,
663a8050f55f768e9ea55705,TCN,2024-06-21_13h46.15.675,LearnStrategy,2023.2.3,Win32,59.88023952,,,,,,,,,,,2,04,1,4,,,,,,,,,,,,,,,,,,,,,,,,,,,,,
663a8050f55f768e9ea55705,TCN,2024-06-21_13h46.15.675,LearnStrategy,2023.2.3,Win32,59.88023952,,,,,,,,,,,1,06,1,5,,,,,,,,,,,,,,,,,,,,,,,,,,,,,
663a8050f55f768e9ea55705,TCN,2024-06-21_13h46.15.675,LearnStrategy,2023.2.3,Win32,59.88023952,,,,,,,,,,,3,09,1,6,,,,,,,,,,,,,,,,,,,,,,,,,,,,,
663a8050f55f768e9ea55705,TCN,2024-06-21_13h46.15.675,LearnStrategy,2023.2.3,Win32,59.88023952,,,,,,,,,,,6,05,1,7,,,,,,,,,,,,,,,,,,,,,,,,,,,,,
663a8050f55f768e9ea55705,TCN,2024-06-21_13h46.15.675,LearnStrategy,2023.2.3,Win32,59.88023952,,,,,,,,,,,6,16,1,8,,,,,,,,,,,,,,,,,,,,,,,,,,,,,
663a8050f55f768e9ea55705,TCN,2024-06-21_13h46.15.675,LearnStrategy,2023.2.3,Win32,59.88023952,,,,,,,,,,,2,05,2,1,,,,,,,,,,,,,,,,,,,,,,,,,,,,,
663a8050f55f768e9ea55705,TCN,2024-06-21_13h46.15.675,LearnStrategy,2023.2.3,Win32,59.88023952,,,,,,,,,,,5,11,2,2,,,,,,,,,,,,,,,,,,,,,,,,,,,,,
663a8050f55f768e9ea55705,TCN,2024-06-21_13h46.15.675,LearnStrategy,2023.2.3,Win32,59.88023952,,,,,,,,,,,7,16,2,3,,,,,,,,,,,,,,,,,,,,,,,,,,,,,
663a8050f55f768e9ea55705,TCN,2024-06-21_13h46.15.675,LearnStrategy,2023.2.3,Win32,59.88023952,,,,,,,,,,,4,11,2,4,,,,,,,,,,,,,,,,,,,,,,,,,,,,,
663a8050f55f768e9ea55705,TCN,2024-06-21_13h46.15.675,LearnStrategy,2023.2.3,Win32,59.88023952,,,,,,,,,,,8,08,2,5,,,,,,,,,,,,,,,,,,,,,,,,,,,,,
663a8050f55f768e9ea55705,TCN,2024-06-21_13h46.15.675,LearnStrategy,2023.2.3,Win32,59.88023952,,,,,,,,,,,4,05,2,6,,,,,,,,,,,,,,,,,,,,,,,,,,,,,
663a8050f55f768e9ea55705,TCN,2024-06-21_13h46.15.675,LearnStrategy,2023.2.3,Win32,59.88023952,,,,,,,,,,,8,06,2,7,,,,,,,,,,,,,,,,,,,,,,,,,,,,,
663a8050f55f768e9ea55705,TCN,2024-06-21_13h46.15.675,LearnStrategy,2023.2.3,Win32,59.88023952,,,,,,,,,,,3,10,2,8,,,,,,,,,,,,,,,,,,,,,,,,,,,,,
663a8050f55f768e9ea55705,TCN,2024-06-21_13h46.15.675,LearnStrategy,2023.2.3,Win32,59.88023952,,,,,,,,,,,2,09,3,1,,,,,,,,,,,,,,,,,,,,,,,,,,,,,
663a8050f55f768e9ea55705,TCN,2024-06-21_13h46.15.675,LearnStrategy,2023.2.3,Win32,59.88023952,,,,,,,,,,,3,13,3,2,,,,,,,,,,,,,,,,,,,,,,,,,,,,,
663a8050f55f768e9ea55705,TCN,2024-06-21_13h46.15.675,LearnStrategy,2023.2.3,Win32,59.88023952,,,,,,,,,,,5,05,3,3,,,,,,,,,,,,,,,,,,,,,,,,,,,,,
663a8050f55f768e9ea55705,TCN,2024-06-21_13h46.15.675,LearnStrategy,2023.2.3,Win32,59.88023952,,,,,,,,,,,4,03,3,4,,,,,,,,,,,,,,,,,,,,,,,,,,,,,
663a8050f55f768e9ea55705,TCN,2024-06-21_13h46.15.675,LearnStrategy,2023.2.3,Win32,59.88023952,,,,,,,,,,,3,12,3,5,,,,,,,,,,,,,,,,,,,,,,,,,,,,,
663a8050f55f768e9ea55705,TCN,2024-06-21_13h46.15.675,LearnStrategy,2023.2.3,Win32,59.88023952,,,,,,,,,,,8,14,3,6,,,,,,,,,,,,,,,,,,,,,,,,,,,,,
663a8050f55f768e9ea55705,TCN,2024-06-21_13h46.15.675,LearnStrategy,2023.2.3,Win32,59.88023952,,,,,,,,,,,1,03,3,7,,,,,,,,,,,,,,,,,,,,,,,,,,,,,
663a8050f55f768e9ea55705,TCN,2024-06-21_13h46.15.675,LearnStrategy,2023.2.3,Win32,59.88023952,,,,,,,,,,,6,09,3,8,,,,,,,,,,,,,,,,,,,,,,,,,,,,,
663a8050f55f768e9ea55705,TCN,2024-06-21_13h46.15.675,LearnStrategy,2023.2.3,Win32,59.88023952,,,,,,,,,,,2,10,4,1,,,,,,,,,,,,,,,,,,,,,,,,,,,,,
663a8050f55f768e9ea55705,TCN,2024-06-21_13h46.15.675,LearnStrategy,2023.2.3,Win32,59.88023952,,,,,,,,,,,2,11,4,2,,,,,,,,,,,,,,,,,,,,,,,,,,,,,
663a8050f55f768e9ea55705,TCN,2024-06-21_13h46.15.675,LearnStrategy,2023.2.3,Win32,59.88023952,,,,,,,,,,,7,15,4,3,,,,,,,,,,,,,,,,,,,,,,,,,,,,,
663a8050f55f768e9ea55705,TCN,2024-06-21_13h46.15.675,LearnStrategy,2023.2.3,Win32,59.88023952,,,,,,,,,,,5,02,4,4,,,,,,,,,,,,,,,,,,,,,,,,,,,,,
663a8050f55f768e9ea55705,TCN,2024-06-21_13h46.15.675,LearnStrategy,2023.2.3,Win32,59.88023952,,,,,,,,,,,4,09,4,5,,,,,,,,,,,,,,,,,,,,,,,,,,,,,
663a8050f55f768e9ea55705,TCN,2024-06-21_13h46.15.675,LearnStrategy,2023.2.3,Win32,59.88023952,,,,,,,,,,,3,16,4,6,,,,,,,,,,,,,,,,,,,,,,,,,,,,,
663a8050f55f768e9ea55705,TCN,2024-06-21_13h46.15.675,LearnStrategy,2023.2.3,Win32,59.88023952,,,,,,,,,,,7,07,4,7,,,,,,,,,,,,,,,,,,,,,,,,,,,,,
663a8050f55f768e9ea55705,TCN,2024-06-21_13h46.15.675,LearnStrategy,2023.2.3,Win32,59.88023952,,,,,,,,,,,1,04,4,8,,,,,,,,,,,,,,,,,,,,,,,,,,,,,
663a8050f55f768e9ea55705,TCN,2024-06-21_13h46.15.675,LearnStrategy,2023.2.3,Win32,59.88023952,,,,,,,,,,,5,07,5,1,,,,,,,,,,,,,,,,,,,,,,,,,,,,,
663a8050f55f768e9ea55705,TCN,2024-06-21_13h46.15.675,LearnStrategy,2023.2.3,Win32,59.88023952,,,,,,,,,,,6,07,5,2,,,,,,,,,,,,,,,,,,,,,,,,,,,,,
663a8050f55f768e9ea55705,TCN,2024-06-21_13h46.15.675,LearnStrategy,2023.2.3,Win32,59.88023952,,,,,,,,,,,6,03,5,3,,,,,,,,,,,,,,,,,,,,,,,,,,,,,
663a8050f55f768e9ea55705,TCN,2024-06-21_13h46.15.675,LearnStrategy,2023.2.3,Win32,59.88023952,,,,,,,,,,,3,14,5,4,,,,,,,,,,,,,,,,,,,,,,,,,,,,,
663a8050f55f768e9ea55705,TCN,2024-06-21_13h46.15.675,LearnStrategy,2023.2.3,Win32,59.88023952,,,,,,,,,,,8,05,5,5,,,,,,,,,,,,,,,,,,,,,,,,,,,,,
663a8050f55f768e9ea55705,TCN,2024-06-21_13h46.15.675,LearnStrategy,2023.2.3,Win32,59.88023952,,,,,,,,,,,5,09,5,6,,,,,,,,,,,,,,,,,,,,,,,,,,,,,
663a8050f55f768e9ea55705,TCN,2024-06-21_13h46.15.675,LearnStrategy,2023.2.3,Win32,59.88023952,,,,,,,,,,,4,15,5,7,,,,,,,,,,,,,,,,,,,,,,,,,,,,,
663a8050f55f768e9ea55705,TCN,2024-06-21_13h46.15.675,LearnStrategy,2023.2.3,Win32,59.88023952,,,,,,,,,,,1,09,5,8,,,,,,,,,,,,,,,,,,,,,,,,,,,,,
663a8050f55f768e9ea55705,TCN,2024-06-21_13h46.15.675,LearnStrategy,2023.2.3,Win32,59.88023952,,,,,,,,,,,7,13,6,1,,,,,,,,,,,,,,,,,,,,,,,,,,,,,
663a8050f55f768e9ea55705,TCN,2024-06-21_13h46.15.675,LearnStrategy,2023.2.3,Win32,59.88023952,,,,,,,,,,,4,10,6,2,,,,,,,,,,,,,,,,,,,,,,,,,,,,,
663a8050f55f768e9ea55705,TCN,2024-06-21_13h46.15.675,LearnStrategy,2023.2.3,Win32,59.88023952,,,,,,,,,,,2,16,6,3,,,,,,,,,,,,,,,,,,,,,,,,,,,,,
663a8050f55f768e9ea55705,TCN,2024-06-21_13h46.15.675,LearnStrategy,2023.2.3,Win32,59.88023952,,,,,,,,,,,5,04,6,4,,,,,,,,,,,,,,,,,,,,,,,,,,,,,
663a8050f55f768e9ea55705,TCN,2024-06-21_13h46.15.675,LearnStrategy,2023.2.3,Win32,59.88023952,,,,,,,,,,,8,09,6,5,,,,,,,,,,,,,,,,,,,,,,,,,,,,,
663a8050f55f768e9ea55705,TCN,2024-06-21_13h46.15.675,LearnStrategy,2023.2.3,Win32,59.88023952,,,,,,,,,,,6,15,6,6,,,,,,,,,,,,,,,,,,,,,,,,,,,,,
663a8050f55f768e9ea55705,TCN,2024-06-21_13h46.15.675,LearnStrategy,2023.2.3,Win32,59.88023952,,,,,,,,,,,8,02,6,7,,,,,,,,,,,,,,,,,,,,,,,,,,,,,
663a8050f55f768e9ea55705,TCN,2024-06-21_13h46.15.675,LearnStrategy,2023.2.3,Win32,59.88023952,,,,,,,,,,,7,08,6,8,,,,,,,,,,,,,,,,,,,,,,,,,,,,,